dl
format=edgelist1
n=64
data:
1 58 10.875
1 47 22.125
1 43 89.5
1 40 45.5
1 39 1.375
1 37 66.75
1 26 96.5
1 24 22.75
1 19 77.375
1 14 33.375
1 9 39.5
2 63 47.375
2 47 91.875
2 24 15.625
3 64 96.25
3 41 37.25
3 40 81.25
3 39 66.75
3 32 6.375
3 28 63.125
3 21 23
3 17 85.5
3 14 90.75
3 7 23.5
3 6 14.75
4 62 67.625
4 55 11.625
4 44 25.875
4 39 27.25
4 33 7.125
4 32 31
4 15 82.75
4 7 57.25
4 2 63
5 62 37.75
5 36 71.375
5 21 32.25
5 11 28.75
5 7 87.875
5 1 52.125
6 55 43.125
6 46 63.875
6 44 64.375
7 50 89.375
7 40 86.125
7 39 32.125
7 16 91
7 6 38.625
8 64 86.625
8 48 84.625
8 44 16.875
8 42 27.25
8 28 84.125
8 22 13.5
8 9 71.875
9 57 96
9 51 32.625
9 47 15.75
9 37 91.875
9 27 62.5
9 25 6.75
9 24 74.375
9 23 39.625
9 6 53
9 1 22.625
10 56 12.125
10 41 63.375
10 37 6
10 14 3.75
11 63 68.875
11 60 25.75
11 55 97
11 54 90.5
11 44 57
11 41 45.5
11 23 49.25
11 10 80.125
11 6 62.75
12 40 60.875
12 30 8.875
12 28 56.75
12 26 86.25
12 14 99.375
12 13 28.875
12 10 64.5
12 4 52
12 2 70.375
13 62 69.5
13 44 32.5
13 28 1.875
13 25 53.875
13 7 33.125
14 44 77.75
14 41 35.5
14 34 11.5
14 18 30.625
15 63 87.25
15 44 40.75
15 43 92.75
15 36 87.125
15 12 65.75
15 7 35.625
15 4 74.875
16 53 21.625
16 36 77.625
16 35 36.375
16 33 75.5
16 8 1.625
16 6 60.75
17 55 8.25
17 53 12.25
17 39 82.625
17 35 91.375
17 32 48.125
17 29 96
17 10 78.875
17 4 60.5
18 63 33.125
18 62 75.875
18 55 92.5
18 52 13.875
18 44 1.375
18 25 30.25
18 14 35.375
18 11 44.25
19 52 63.25
19 50 46.5
19 48 63
19 44 56.875
19 34 30.75
19 26 16.625
19 14 16.875
19 12 0.875
19 7 49.625
19 4 37.5
20 64 47
20 59 27.25
20 54 50.25
20 49 89.25
20 40 18
20 33 50.5
20 19 71.25
20 13 75.125
20 2 6.25
21 64 81.625
21 62 63.75
21 38 0.375
21 36 17.75
21 24 30.625
21 15 2
21 10 82.5
21 2 65
22 57 45.375
22 40 98.125
22 35 11.5
22 31 8.625
22 29 20
22 25 82.5
22 24 87.875
22 20 13.375
22 4 88.5
22 3 53.25
22 2 82
23 60 35.875
23 59 60.75
23 37 25
23 36 74.75
23 35 99.75
23 31 94
23 29 32
23 11 95
23 4 15.5
23 3 62
23 1 73.5
24 63 58
24 59 22.75
24 33 47.875
24 31 24.125
24 22 46.75
24 20 85.875
24 16 13.125
25 45 37.5
25 41 60.5
25 39 90.875
25 36 54.375
26 51 26.625
26 46 36.875
26 45 47.5
26 43 65.25
26 31 10.625
26 25 67
27 46 2
27 39 28.875
27 35 59.375
27 33 58
27 29 56.875
27 18 73.625
28 53 23.375
28 51 3
28 39 94.75
28 31 86.875
28 29 89.125
28 25 88.25
28 13 49.875
28 3 97.625
28 1 68.75
29 44 27.625
29 37 73.875
29 35 61
29 34 43.875
29 22 93.25
29 15 67.625
29 10 12.875
29 9 6.125
29 8 10.625
30 47 30.75
30 43 5.25
30 38 17.625
30 24 59.25
30 20 71.375
31 40 11
31 34 42.625
31 29 77.375
31 6 30.125
32 59 98.75
32 52 47.75
32 50 96.625
32 47 53.5
32 46 68.875
32 35 22.25
32 30 48.375
32 13 76.625
33 63 28.625
33 26 78.625
33 23 98.375
33 9 87.875
33 6 63
34 53 92.5
34 17 62.125
35 46 36.5
35 41 99
36 64 81.25
36 63 97.625
36 59 42.375
36 46 3.75
36 13 54.625
37 63 18
37 61 78.125
37 54 74.125
37 46 34.75
37 35 39.75
37 22 87.625
37 20 12
37 4 62.625
38 61 91.75
38 59 49.375
38 57 95.125
38 48 19.75
38 34 62.5
38 30 29
38 9 82.875
38 8 73
39 48 18.375
39 45 15.375
39 35 9.125
39 25 80.875
39 20 58
39 15 5
39 6 38.875
40 62 21
40 60 17.25
40 57 3.5
40 49 89.5
40 44 4.75
40 35 3.75
40 30 18.125
40 20 97.125
40 15 27.25
40 4 3.75
41 47 95
41 46 18.125
41 43 64.25
41 40 29.75
41 34 49.125
41 32 3
41 26 2.625
41 16 34.375
41 13 88.875
41 11 35.5
41 9 46
42 46 91.5
42 33 47.75
42 31 82.25
42 29 35
42 25 47.5
42 20 12.25
42 13 15.625
42 12 32.25
42 9 65.375
42 7 47.25
42 6 53.375
43 36 22.125
43 30 56.5
43 28 45.25
43 24 77
43 13 69.75
43 12 73.875
43 3 5.125
44 57 75.5
44 52 64
44 51 97.375
44 37 14.125
44 30 21
44 26 67.125
44 21 33.625
44 20 57.625
44 4 90.875
44 1 55
45 53 88.75
45 51 76.125
45 41 51.75
45 34 93.875
45 32 89.5
45 25 44.5
45 8 61.625
45 7 4.25
46 61 64.625
46 54 9.625
46 39 13.125
46 34 83.75
46 27 20
46 13 95.125
46 11 19
46 8 92.875
46 1 89.625
47 62 7
47 42 85
47 31 40.625
47 28 64.75
47 27 78.625
47 26 13.75
47 25 39.25
47 13 1.625
47 11 14.875
47 5 57.25
47 4 48.375
47 2 77
48 52 55
48 51 9.375
48 49 65.75
48 47 96.625
48 35 95.5
48 32 95.875
48 24 43.625
48 23 6.875
48 20 32.125
48 18 72.75
48 15 68.75
48 8 81.5
49 31 15.875
49 14 36.25
49 12 81.125
49 5 52.375
49 2 97.75
49 1 31.625
50 64 23
50 54 98.375
50 48 11.375
50 36 4.25
50 32 35.875
50 24 17.375
50 7 54.5
50 3 85
50 2 70.875
51 59 70.625
51 49 6.5
51 43 89.5
51 40 62.625
51 20 28
51 10 23.25
52 46 74.125
52 42 97.375
52 39 64.5
52 22 87.25
52 9 56.375
53 63 51.875
53 47 69.125
53 44 89.75
53 37 49.25
53 33 70.625
53 10 0
54 63 92.625
54 56 61.625
54 53 8.875
54 52 46.375
54 41 83.75
54 19 47
54 18 58.875
54 17 88.875
54 6 3.125
54 1 1.25
55 62 26.5
55 49 16.625
55 48 46.875
55 38 44.5
55 25 7.125
56 62 40.125
56 49 88.75
56 26 31.25
56 11 63.125
56 9 16.25
56 6 15.625
57 55 49
57 50 36.75
57 46 44
57 37 66.25
57 36 76.75
57 33 22
57 32 53.75
57 12 12.75
57 9 4.5
57 8 0.625
58 56 51
58 45 55
58 41 58.375
58 40 46.375
58 31 75
58 24 45.25
58 23 87.5
58 12 82.75
58 9 48.875
58 3 13.875
59 64 90.125
59 41 92.125
59 37 0.5
59 36 40.625
59 26 90.125
59 15 73.125
59 8 87.5
60 58 80.375
60 54 15.875
60 42 10.375
60 38 49
60 35 55.125
60 10 66.5
60 7 51.5
60 6 72.875
60 2 90.75
61 50 64.5
61 38 5.25
61 33 56.125
61 32 55.125
61 31 4.5
61 23 26.875
61 14 84.75
61 2 39.875
61 1 23.75
62 59 75.375
62 31 36.5
62 22 95
62 3 73.875
62 1 68.625
63 58 55
63 49 9.75
63 43 52.375
63 29 42.625
63 28 80
63 12 88.75
63 9 85.75
63 8 98.875
64 60 41.5
64 55 60.25
64 32 78.25
64 27 44.875
64 24 31.375
64 20 67.625
64 18 12.5
64 13 58.625
64 8 98.75
64 7 85.25
64 5 32.75
