dl
format=edgelist1
n=64
data:
1 47 46
1 29 55
1 11 90.375
2 60 16.375
2 54 26.375
2 47 31.5
2 36 95.375
2 25 4.625
2 20 91.375
2 12 12.75
2 11 86.75
2 8 21.875
2 4 41.125
2 1 49.25
3 58 85.5
3 49 7.25
3 27 64
3 19 26.75
3 16 29.75
3 15 10.5
3 4 27.125
4 62 30.375
4 57 26.375
4 45 28.75
4 38 11
4 25 98.125
4 22 4.75
4 20 19.25
4 10 5
4 6 27.125
5 52 77.125
5 51 62.375
5 44 58.125
5 30 69.75
5 8 28.625
6 60 28.125
6 59 50
6 57 48.5
6 56 2.625
6 52 82
6 45 68.875
6 36 5.5
6 34 1.375
6 33 41.5
6 20 87.375
6 13 46.125
6 9 63.375
6 7 52.25
6 1 6.75
7 63 53.625
7 57 61.75
7 47 23.375
7 41 88.875
7 34 32.375
7 28 82.75
7 3 51.125
7 1 30.125
8 60 42.75
8 58 92.25
8 38 39.125
8 37 10.875
8 33 50.5
8 31 61.625
8 24 1.125
8 18 14
9 60 76.75
9 59 21.625
9 42 61.375
9 37 46.125
9 35 63.875
9 30 12.125
9 25 25.375
9 16 18.875
9 10 4.375
9 8 69.125
9 5 25
10 57 91.875
10 55 54.5
10 41 65.25
10 29 37.375
10 14 7.625
11 61 94.625
11 60 84.625
11 50 70
11 46 45.25
11 45 70.625
11 39 77.375
11 30 78.75
11 21 58.375
11 19 12.875
12 64 86
12 56 23.875
12 51 48.125
12 46 15.875
12 41 82.75
12 37 99.75
12 27 15.5
12 24 10.875
12 20 14.125
12 11 7
12 9 36.875
12 8 72.375
12 6 27
13 51 12.625
13 50 80.375
13 49 64.5
13 41 15.25
13 36 30.375
13 33 2.75
13 23 47.125
13 4 34
14 63 1.5
14 56 3.5
14 37 19.625
14 28 25.75
14 19 79
15 51 67
15 36 42.875
15 23 0.375
15 14 20.875
15 5 22
16 62 13.125
16 60 72.5
16 59 39.375
16 38 9.875
16 35 40.625
16 28 89.375
16 10 17.625
17 63 32.625
17 59 79.75
17 56 62.375
17 52 99.375
17 43 14
17 5 0.5
17 4 83.75
17 1 84.625
18 55 62.75
18 39 57.5
18 35 46.125
18 33 69.875
18 21 9.5
18 20 50.375
18 13 64.875
18 6 29.25
18 3 93
18 2 83.25
19 55 14.75
19 47 86.5
19 46 38.125
19 41 64.5
19 36 96.5
19 26 76
19 22 94.125
19 17 16.25
19 7 35.25
20 56 21.125
20 43 41.875
20 4 40.25
20 3 21.875
21 54 62.25
21 49 21.5
21 38 84.875
21 31 50.5
21 22 33.125
21 7 11.5
22 64 11.625
22 55 36.75
22 50 40
22 49 25.375
22 47 89.75
22 34 36.125
22 33 12.5
22 28 72.125
22 23 35.5
22 18 88.75
22 4 34.25
22 3 74.125
23 62 66.125
23 52 78.25
23 45 30.125
23 43 43.375
23 41 93.5
23 15 56.625
23 14 49.875
23 11 26.25
23 9 91.75
23 5 93.75
24 63 87.25
24 60 89.75
24 52 8.5
24 49 68.625
24 43 39.5
24 37 54.875
24 31 11.875
24 26 9.75
24 21 91.125
25 62 7.25
25 51 11.5
25 26 0.5
25 18 26.125
25 14 20.75
25 11 74
26 55 89.125
26 53 84.25
26 45 88.125
26 25 95.5
26 22 16.5
27 54 56.75
27 43 9.125
27 34 28
27 23 95
27 22 45.875
27 21 16.875
27 20 13.25
27 8 41.625
28 61 70.875
28 49 63.375
28 48 72.75
28 47 68.75
28 44 99.125
28 27 81.5
28 19 90.25
28 13 31
28 9 22.625
28 6 38.875
29 61 86.25
29 54 1.875
29 52 78.625
29 51 0.5
29 32 66.5
29 16 23.375
29 15 7.125
29 1 92.625
30 63 94.125
30 62 47
30 60 31.375
30 54 75.375
30 46 94.875
30 41 93.25
30 36 15.625
30 19 49.875
30 18 22.5
30 11 71.375
30 8 44.875
30 4 29.25
31 61 6.875
31 55 16
31 44 38.875
31 42 75.875
31 39 55
31 19 70.125
31 18 44.875
31 17 63
32 61 69
32 59 67.125
32 48 56.625
32 44 75.625
32 41 13.875
32 34 26.75
32 31 50.5
32 29 13.125
32 27 51.75
32 6 76.25
32 4 37.25
32 1 14.875
33 64 7.625
33 37 57.125
33 27 32
33 12 34.875
34 55 91.25
34 53 56.375
34 46 48.75
34 41 22.75
34 36 14.75
34 30 65.25
34 28 21.625
34 25 55.25
34 15 74.5
34 3 43.625
35 60 3.75
35 43 87.375
35 40 75.375
35 32 4
35 22 53.375
35 6 32.125
35 5 43.625
36 57 37.875
36 45 90.5
36 39 84.125
36 34 37.125
36 23 40
36 6 48.25
37 59 95.875
37 57 58.875
37 42 99.75
37 34 82.375
37 32 80.125
37 30 68.375
37 21 92.625
37 13 60.875
37 8 2.25
37 6 11.625
37 1 37
38 63 93.75
38 62 3.5
38 58 49.25
38 51 6.75
38 49 31.875
38 42 7.125
38 34 92.625
38 32 32.25
38 30 33.375
38 25 74.75
38 22 50.125
38 20 54.125
38 11 20.125
38 10 60.375
39 62 90.875
39 61 99.625
39 57 59
39 56 98.625
39 54 22.25
39 48 60.75
39 37 28
39 28 76.25
39 26 89.875
39 24 96
39 15 37
39 1 86.375
40 46 33.375
40 45 36.25
40 31 19.25
40 17 58.625
40 15 9.375
40 13 10.625
40 10 86.25
40 9 55.875
40 5 88
41 57 30.5
41 55 30.125
41 54 24.125
41 52 44.75
41 37 72.375
41 30 0.25
41 26 79.25
41 25 88.625
41 18 19.625
41 17 17.5
41 13 14.125
41 10 18.125
41 8 84.75
41 6 9.875
42 64 13.375
42 63 4.75
42 62 49.25
42 58 9.375
42 54 67.875
42 45 53.625
42 40 19.625
42 31 95.25
42 24 80.75
42 8 19.125
42 1 94.125
43 64 97.125
43 60 44
43 56 76.75
43 48 54.25
43 47 91.125
43 44 78.5
43 34 82.25
43 33 54.5
43 27 34.25
43 16 67.25
43 14 24.75
44 63 70.375
44 61 3.875
44 59 36.75
44 54 48.75
44 51 51.875
44 49 81.875
44 37 66.375
44 35 67.125
44 34 68.25
44 27 46.25
44 25 69.875
44 22 92.375
44 20 48.25
44 13 99.25
44 1 76.25
45 57 7.125
45 47 97
45 42 50.625
45 22 82.75
45 10 67.25
45 9 68.75
45 5 65.75
46 52 19.875
46 42 81.5
46 32 11
46 9 45.5
46 5 21.25
47 52 62.625
47 44 50.5
47 37 7.25
47 35 69.75
47 31 89.75
47 29 21.25
47 20 59
47 15 60.375
47 14 7
47 13 37.375
47 6 68.5
48 63 44.625
48 52 16
48 50 75.25
48 49 79
48 46 88.375
48 40 16.25
48 31 22.875
48 21 90.625
48 16 6
48 4 1.75
49 52 84.125
49 44 97.5
49 34 28.5
49 28 62.625
49 15 25.75
49 5 76.625
50 63 8.75
50 53 30.875
50 47 99.875
50 46 90
50 45 99.25
50 23 63.125
50 10 12.625
50 3 24.5
51 59 70.375
51 48 6.625
51 17 13.625
51 10 31.125
51 8 31.25
51 6 67.125
52 62 70.875
52 60 15.25
52 59 69.875
52 46 64.25
52 30 34
52 15 61.125
52 10 38
53 59 21.875
53 46 83.375
53 44 15.875
53 38 91
53 32 96
53 25 53.75
53 23 82.875
53 21 67.5
53 5 92
54 61 20
54 60 15.125
54 59 55.625
54 49 68.875
54 32 2.875
54 26 56.75
54 25 59.125
54 19 32.625
54 13 70.875
55 63 49.125
55 50 6.125
55 49 78.875
55 48 92.5
55 39 4.625
55 7 61
55 2 86.875
56 47 23.5
56 44 0.5
56 29 39.25
56 8 20.75
57 64 54.5
57 52 87.625
57 51 31.625
57 24 48.125
57 18 98.75
57 9 39.625
57 7 39.125
58 62 85.75
58 54 4.25
58 45 73.625
58 44 57.5
58 43 9.75
58 37 74.875
58 35 26.625
58 33 74.375
58 30 86.625
58 10 48.125
58 9 60.625
59 62 54.75
59 51 12.375
59 48 40.5
59 45 58
59 35 13.625
59 30 85.125
59 23 72.375
59 12 25.375
60 50 55.875
60 21 75
60 6 36.125
60 2 85.625
61 64 21.25
61 26 68.75
61 25 44.375
61 13 33.625
61 8 11.125
61 7 72.875
61 4 72.5
62 56 79
62 17 68.875
63 53 39.25
63 47 5.875
63 41 88.75
63 33 60.875
63 29 66.75
63 22 42.25
63 6 42.875
64 50 7.5
64 44 75
64 31 89.75
64 24 0.375
64 6 56.25
64 2 94.25
