dl
format=edgelist1
n=256
data:
1 244 60.25
1 243 92.375
1 236 73.5
1 212 32.75
1 205 46.375
1 188 10.625
1 174 37.375
1 147 63.5
1 61 45.375
1 54 62
1 31 18
1 17 99
1 10 90.25
1 9 50.75
1 8 51.125
2 255 98.125
2 243 14.125
2 238 11.125
2 214 43.25
2 204 44.5
2 194 62.75
2 181 21.375
2 158 31
2 129 15.25
2 98 24.125
2 44 49.875
2 21 26.625
2 5 66
3 250 94.5
3 222 43.5
3 202 0.25
3 194 43.75
3 177 68.5
3 155 11.5
3 150 35
3 148 54.75
3 140 34.5
3 80 65
3 78 53.75
3 62 3
3 52 11.125
3 30 77.875
4 243 96.25
4 230 21.25
4 221 16.375
4 208 45.5
4 189 5
4 183 7.5
4 182 84.125
4 180 43
4 179 65.5
4 176 36.875
4 141 3.5
4 99 29.125
4 95 34.75
4 78 12.625
4 72 21.5
4 55 40.875
4 16 15.875
5 256 26.75
5 242 88.875
5 228 56.75
5 225 32.5
5 212 84
5 193 37.625
5 191 51.5
5 137 1.625
5 136 52
5 114 29
5 94 61.75
5 65 80.875
5 59 27.875
5 54 76.75
5 46 75.25
5 28 25.375
5 27 79.875
5 22 6
5 12 86.75
6 242 44
6 162 62.875
6 131 81.75
6 103 66.375
6 96 47.375
6 85 59.625
6 78 50.75
6 58 3.625
6 15 4.25
7 244 17.75
7 221 60.5
7 190 17.5
7 189 61.875
7 183 66.25
7 171 94.75
7 170 22.5
7 166 68.25
7 147 58.375
7 133 2.625
7 132 23.875
7 114 7
7 68 73.375
7 39 58.5
7 29 13.125
7 5 35.625
7 1 58.75
8 255 83
8 240 44.875
8 238 25.75
8 211 19
8 210 22.875
8 209 91.75
8 182 16
8 155 49.125
8 147 95.375
8 142 70.875
8 125 22.875
8 102 89.5
8 89 18.25
8 68 39.5
8 46 87.625
8 36 24.375
8 34 2.375
8 19 34.75
8 16 36.375
8 9 21.875
8 7 13.125
8 2 2.875
9 249 73.125
9 239 37.875
9 236 1.75
9 233 26.75
9 228 35.875
9 224 58.125
9 203 65.625
9 162 67.75
9 161 55.125
9 141 25.625
9 140 52.625
9 134 79.125
9 110 3.5
9 89 63.875
9 88 94.25
9 80 32.125
9 60 57.375
9 55 27.5
9 39 84
9 16 54.875
10 234 42.625
10 227 29.625
10 209 4.5
10 174 13.125
10 165 68.875
10 160 68.25
10 97 49
10 77 34.125
10 76 60.75
10 70 29.5
10 67 48.125
10 58 49.75
10 55 71
10 33 36.125
10 25 54.5
10 11 14.5
10 8 76.625
10 5 59.25
11 246 52.5
11 242 87
11 208 0.625
11 186 97.875
11 155 9.875
11 154 38.25
11 151 34
11 146 38.5
11 145 54.375
11 133 10.25
11 122 40.125
11 109 68.75
11 92 53.375
11 80 12.25
11 70 85.5
11 47 23
12 247 85.875
12 242 5.875
12 236 89.25
12 203 4.25
12 163 39.875
12 139 54.875
12 138 8.25
12 134 99.375
12 121 17.375
12 117 99.625
12 59 28.625
12 41 40.375
12 24 50
13 254 77.875
13 248 86.375
13 222 78.875
13 212 28.125
13 163 76.875
13 160 71.875
13 150 15
13 132 42
13 117 59
13 114 84.625
13 111 44.125
13 94 62.125
13 63 22.5
13 61 12.375
13 39 73.875
13 35 10.125
13 34 29
14 252 73.375
14 244 71.375
14 242 82.75
14 238 38.375
14 236 13.75
14 222 11.625
14 189 1.5
14 175 49.375
14 168 32.25
14 158 63.125
14 153 19.25
14 142 79.75
14 129 74.375
14 101 66.375
14 70 49.75
14 66 83.5
14 63 60
14 58 18.125
14 57 43.5
14 8 72.625
14 2 49
15 241 38.625
15 212 43.625
15 194 3.875
15 190 69.25
15 182 52.5
15 176 5.125
15 174 80.125
15 160 94.375
15 147 31.375
15 123 39.125
15 103 93.875
15 100 94
15 87 91.75
15 86 9.5
15 76 24.625
15 73 52
15 44 11.125
15 29 54.875
16 251 54.625
16 250 84
16 234 43
16 229 61.375
16 223 56.5
16 210 89.5
16 209 32.75
16 207 37.125
16 180 95.5
16 104 14.25
16 96 84.75
16 92 65.125
16 90 28.25
16 86 90.125
16 64 36.75
16 53 23.625
16 46 39.75
16 36 55.75
16 23 96.25
16 12 48.75
16 4 22.25
17 249 41.875
17 247 22
17 239 78.875
17 230 61
17 222 19.875
17 207 41.5
17 178 88.5
17 177 86.125
17 176 43.625
17 169 0.875
17 131 39.25
17 128 35.75
17 125 21.125
17 78 42.125
17 50 21.875
17 36 60.875
17 1 97.25
18 255 72.75
18 239 35.125
18 236 16.5
18 218 11.875
18 202 52.75
18 197 25.5
18 180 24.625
18 179 50.125
18 171 60.625
18 166 64.375
18 154 1
18 138 28
18 134 91.125
18 91 24.125
18 77 81.875
18 39 41.25
18 15 1.75
18 10 57.75
18 4 68.25
19 255 52
19 252 38.375
19 226 25.25
19 210 13.875
19 207 32.5
19 205 62.375
19 194 84.25
19 181 19.5
19 180 70.125
19 170 71.125
19 164 80.125
19 159 52.625
19 116 3.625
19 109 32.5
19 94 12.875
19 89 15.5
19 80 30
19 79 88.375
19 50 12.125
19 36 52.5
19 16 50.25
20 256 16.875
20 239 40.75
20 237 21.5
20 229 79.125
20 219 50.875
20 218 74.75
20 213 19.25
20 204 49.625
20 199 60.125
20 194 37.75
20 126 19.875
20 125 37.375
20 88 6.625
20 80 74.75
20 41 51.5
20 37 4
20 28 11.5
20 3 72.75
21 238 56
21 219 48
21 211 44.375
21 209 80.375
21 182 64
21 176 92.625
21 172 65.75
21 152 61.125
21 130 47.125
21 129 75.25
21 118 5.625
21 108 97.75
21 105 33
21 97 64
21 88 21.25
21 76 62.375
21 74 3.875
21 66 72.625
21 59 92.75
21 49 58.375
21 39 71.25
21 27 95.875
22 240 24.625
22 237 98.75
22 236 35.125
22 231 86.125
22 186 73.5
22 175 82.875
22 165 65.625
22 155 83.125
22 148 55
22 142 99.5
22 134 35.75
22 130 63.875
22 127 12
22 34 5.375
22 13 81
22 4 21.375
23 219 50
23 158 62.875
23 154 64.25
23 91 12.25
23 65 89.25
23 42 36
23 28 62.75
23 4 43
24 247 2.25
24 238 90
24 227 22.375
24 213 54.375
24 201 84.75
24 107 25.375
24 98 96.875
24 86 30.875
24 54 42.625
24 18 38.25
25 243 81.875
25 233 30.5
25 213 77.5
25 196 14.375
25 164 83.375
25 161 16.5
25 154 85.5
25 152 44.5
25 134 16.875
25 126 40.875
25 113 85
25 110 68.625
25 100 64.125
25 76 64.375
25 63 18.375
25 58 89.625
25 24 85
25 16 80.625
25 13 35.5
26 219 8.5
26 183 98.125
26 147 32.25
26 142 95
26 134 34.375
26 114 83.125
26 73 39.5
26 67 76.625
26 15 48
26 13 66
26 6 29.5
27 243 98.75
27 195 41.125
27 188 73.75
27 185 62.75
27 165 59.375
27 158 5.25
27 133 48
27 117 29.875
27 110 73.875
27 102 10.125
27 101 24.125
27 58 10.25
27 36 57.125
27 34 39.5
27 21 9.125
27 7 17.5
28 245 38.125
28 235 78.25
28 153 84.5
28 127 35.5
28 122 15.625
28 117 2.375
28 116 80.375
28 95 6.75
28 76 61.875
28 71 58.5
28 62 57.875
28 59 55
28 8 97.25
29 250 45
29 233 35.375
29 224 73
29 205 75.75
29 155 26.5
29 139 72.5
29 134 89.25
29 120 92.25
29 117 84.25
29 105 22.125
29 102 58.875
29 94 16.125
29 78 94.375
29 61 85.375
29 12 12.125
29 2 57.5
30 250 30.125
30 209 8.125
30 205 67.25
30 203 10.25
30 198 98.375
30 177 56.875
30 124 65.25
30 122 46.125
30 106 43.375
30 96 19.125
30 92 8.875
30 84 65.25
30 74 88.25
30 65 3.75
31 244 76.125
31 243 98.625
31 211 95.5
31 180 78
31 166 45.625
31 156 8.375
31 151 6.875
31 149 57.125
31 137 6.625
31 134 74.25
31 129 10.625
31 125 49.75
31 120 82.5
31 52 34.125
31 45 6.75
31 29 90.875
31 25 14.75
31 12 58.875
32 248 58.75
32 241 57.125
32 234 44.125
32 231 36.625
32 217 67.75
32 209 90.625
32 201 9.75
32 197 40.5
32 163 53.625
32 154 50.625
32 142 40.625
32 83 91
32 29 67.125
32 28 12.625
32 22 80.75
32 15 56
32 13 57.25
33 254 62.625
33 237 85
33 225 75.5
33 219 9.25
33 211 31.5
33 204 70.375
33 174 10.875
33 146 62.375
33 144 65.25
33 117 97
33 86 98.625
33 65 90.5
33 63 62.75
33 44 11.625
33 27 39.5
33 26 45.25
33 9 70.25
33 6 3.125
34 246 73.625
34 231 99
34 215 27.375
34 196 8.375
34 182 65.625
34 135 23.625
34 111 68.375
34 86 2.625
34 59 11.125
34 33 88.625
34 27 40
35 248 50.375
35 234 81.25
35 232 83.25
35 191 42.375
35 180 58.25
35 166 39.625
35 164 52.75
35 142 16
35 138 86.875
35 123 93.875
35 122 92.125
35 98 80.875
35 70 80
35 57 31.875
35 46 25.75
35 40 20.25
35 38 23.625
35 10 96.625
35 3 76.5
35 1 77.5
36 240 91.125
36 224 37.5
36 222 44.125
36 217 39.625
36 194 12
36 177 97.125
36 157 89.75
36 153 44.375
36 135 32.75
36 113 44.375
36 108 70.5
36 75 37.875
36 66 17.875
36 56 61.25
36 51 10
36 42 27.625
36 33 16.75
36 26 19.625
36 12 43.75
37 247 18.625
37 223 34
37 183 83.75
37 176 88.375
37 171 8.75
37 143 17.125
37 132 51.625
37 125 15.625
37 105 36
37 104 56
37 90 82.375
37 88 36.5
37 87 64.625
37 80 49.625
37 79 83
37 66 51.5
37 65 45.875
37 47 11.125
37 46 32.375
37 45 85.625
37 42 90.25
38 251 25.125
38 231 29.125
38 223 0
38 210 26.25
38 208 37.125
38 194 54.375
38 182 89
38 153 27
38 136 19
38 135 93.25
38 133 47.875
38 117 79.75
38 107 45.25
38 106 93.875
38 90 83.75
38 65 53.875
38 43 98.125
38 25 14.5
38 6 9.5
39 255 88.75
39 254 30.375
39 211 32
39 208 96.375
39 205 9.875
39 179 50
39 146 52.875
39 142 46.75
39 130 35.375
39 127 6.5
39 114 88.25
39 107 96.375
39 98 16.875
39 63 29.875
39 17 31.125
39 11 45.25
39 2 62.5
40 245 25.625
40 235 95
40 230 69
40 194 67.375
40 184 93.75
40 174 95.875
40 78 67.75
40 75 64.625
40 45 75.125
40 4 96.625
41 219 75.25
41 194 21.375
41 181 61.25
41 179 60.375
41 174 30.75
41 157 74.625
41 156 29.625
41 154 21.25
41 152 54.875
41 149 70.375
41 148 27.625
41 130 8.375
41 128 66.25
41 101 42
41 70 44.625
41 59 52.5
41 50 68.625
41 16 29.375
42 236 21.25
42 228 39.875
42 222 89.25
42 221 57.75
42 213 6.375
42 212 72.875
42 184 28.5
42 168 78.75
42 130 19.25
42 119 64.375
42 117 63.125
42 112 96.75
42 107 25.625
42 92 1.25
42 60 33.875
42 47 80.25
42 41 77.5
42 38 22.5
42 29 51.25
42 25 7.625
42 14 29.375
42 3 25.375
43 251 59.25
43 230 57.5
43 226 91.375
43 202 87.875
43 190 87.375
43 189 89.5
43 180 63.5
43 179 44.375
43 175 58.5
43 134 79.75
43 128 58.5
43 113 41.625
43 98 88.25
43 92 57
43 80 24
43 67 79.375
43 41 27.5
43 18 32.375
44 232 90.875
44 216 45.375
44 212 27
44 205 61
44 201 72
44 167 28
44 148 1
44 127 10.125
44 123 1.375
44 115 15.125
44 106 2.625
44 64 26.25
44 47 70.125
44 24 75.75
44 22 16.5
45 247 77.25
45 206 71.75
45 190 26.125
45 175 78.875
45 173 69.75
45 164 67.5
45 147 9
45 126 63.75
45 123 46.75
45 118 91.75
45 81 57.625
45 65 6.75
45 58 65.375
45 48 45
45 35 74
45 28 92.25
45 9 9.25
46 235 92.5
46 166 22.875
46 142 83.375
46 138 96.375
46 126 7
46 123 26.75
46 111 4.25
46 102 37.875
46 67 1.75
46 37 89.25
46 22 84.625
46 3 78.375
47 250 82.125
47 247 44.75
47 200 80.875
47 198 17.875
47 194 92.75
47 190 98
47 182 53.75
47 174 62.875
47 170 77.875
47 160 25.75
47 153 39.625
47 138 36.75
47 127 98.25
47 121 7.625
47 106 66.75
47 85 37.25
47 74 25
47 40 3.5
47 25 49.625
47 20 41.25
48 255 54
48 246 27.25
48 244 9.375
48 243 98.375
48 241 27.375
48 239 0.125
48 232 78.875
48 227 88.75
48 222 17.75
48 218 70.875
48 216 27.25
48 210 45.875
48 197 31.75
48 191 43.5
48 180 25.25
48 137 29.625
48 83 11.625
48 76 95.25
48 75 52.25
48 45 87.125
48 31 85.625
48 10 41.5
49 245 63.375
49 227 88.625
49 212 41
49 172 11.75
49 166 89.25
49 165 73.75
49 115 96.5
49 103 31.5
49 75 40.125
49 67 69.25
49 44 40.125
49 38 40.125
49 28 60.5
49 24 32
49 22 79.5
49 6 39.75
49 3 75.375
50 240 92.5
50 229 23.125
50 180 34.25
50 172 56.375
50 136 49.25
50 131 75.625
50 125 83.625
50 123 74.125
50 117 88.375
50 97 9.375
50 86 23.5
50 79 50.5
50 78 72.875
50 76 80.25
50 68 18.625
50 49 92.5
50 43 9
50 37 27.375
50 32 55.625
50 11 98
51 228 57.25
51 221 14.875
51 204 98.875
51 199 38.5
51 161 67.625
51 147 96.375
51 146 97.625
51 129 23
51 122 51.125
51 57 44.125
51 50 5.375
52 213 93.25
52 185 90.625
52 164 87
52 143 26
52 109 1.375
52 86 59
52 76 17.875
52 49 19.625
52 39 8.875
52 29 74.625
52 9 84.625
53 237 20.375
53 233 91.375
53 228 40.875
53 205 87.625
53 203 31
53 199 27
53 192 50.125
53 178 56.625
53 170 39.75
53 157 73.5
53 133 70.375
53 97 69.875
53 81 89.625
53 61 29.375
53 45 14.25
53 31 73
53 27 96.625
54 255 42.625
54 242 32.5
54 232 73.75
54 214 82.875
54 179 63.875
54 178 18.375
54 175 31.125
54 166 53.5
54 147 86.25
54 132 1.5
54 127 19.625
54 95 79
54 80 57.75
54 73 36.5
54 71 65.625
54 69 13.375
54 60 32.75
54 58 78.125
54 48 54.125
54 46 61.5
54 45 52.25
54 33 54.625
54 21 92.625
54 20 18.5
54 10 82.25
55 237 96.375
55 235 95
55 208 1.375
55 177 9.5
55 158 39.5
55 146 82.125
55 118 90.25
55 83 86.375
55 76 56.125
55 59 22.375
55 50 67.875
55 38 5.375
55 34 82
56 253 56.375
56 241 48
56 230 93.375
56 192 48.875
56 186 3.5
56 184 76.5
56 181 40.375
56 166 94.375
56 162 89.125
56 161 13.75
56 160 1.75
56 152 31.125
56 135 62.125
56 118 75.5
56 114 6.625
56 90 66.875
56 87 98
56 19 31.5
56 9 25
56 7 28.625
56 5 33.625
57 254 89.625
57 250 5.375
57 217 13.125
57 200 20.75
57 196 94.875
57 188 96.375
57 177 4.125
57 174 9.125
57 170 10.875
57 136 36.25
57 124 43
57 123 25.25
57 121 76.25
57 116 67.625
57 103 18.75
57 96 48.875
57 85 87
57 81 44
57 39 26.375
58 253 10
58 252 32.875
58 228 2
58 211 67.875
58 205 78.375
58 189 65.25
58 182 29.625
58 154 41.625
58 147 51.5
58 130 80.25
58 88 42.5
58 74 18.375
58 71 23.25
58 65 91.875
58 55 83
58 29 93
58 4 31.375
59 255 42.25
59 251 28.625
59 233 48
59 221 87.25
59 218 58.875
59 217 90
59 216 67.5
59 169 53.25
59 155 65
59 129 45.25
59 122 69.125
59 114 22.25
59 113 16.375
59 60 99.75
59 48 86.375
59 37 91
60 253 29.375
60 230 98
60 213 37.125
60 209 15.125
60 199 88.25
60 198 8.25
60 191 83.375
60 142 4
60 138 61
60 122 12.875
60 120 89.625
60 112 46.125
60 94 23.125
60 72 81
60 67 36.5
60 65 12.75
60 54 86.125
60 49 21.125
60 39 23.75
60 15 17.625
61 255 62.125
61 242 4.875
61 234 65.625
61 221 56.125
61 198 51.875
61 197 82.875
61 169 77.5
61 142 69.125
61 138 36.625
61 129 97.875
61 128 67.25
61 106 59
61 83 18
61 79 12.75
61 9 90.625
62 256 65.375
62 254 13.125
62 227 52.25
62 219 92.875
62 218 36.625
62 211 28.25
62 164 56
62 150 55.75
62 116 4.75
62 112 12.5
62 97 40.625
62 44 23.375
62 40 50.75
62 25 70.75
63 251 95.125
63 239 96.625
63 205 26.75
63 202 52
63 198 18.375
63 183 91
63 166 94.25
63 113 89.75
63 104 12.625
63 85 41.25
63 71 26.625
63 30 15
64 251 68
64 198 16.375
64 179 53.75
64 174 77.25
64 155 56.625
64 149 12.625
64 141 92.875
64 139 92.25
64 112 0.5
64 91 70.75
64 68 71.5
64 51 6
64 35 67.375
64 6 26.625
65 249 59.5
65 247 89.625
65 235 73.875
65 228 99.875
65 222 69.875
65 178 69.75
65 143 22.375
65 133 69.375
65 110 62
65 90 59
65 79 41.125
65 48 42.5
65 36 39
66 254 24.375
66 221 39.25
66 194 80.125
66 193 19.875
66 186 66
66 185 55.25
66 159 23.875
66 151 47.375
66 150 84.125
66 100 11.125
66 91 70.5
66 83 86.375
66 36 67.125
66 22 9.125
67 240 84.75
67 228 8.5
67 222 5.375
67 212 38.875
67 210 5.125
67 207 67.25
67 199 66.375
67 185 33.75
67 146 64.25
67 138 53.375
67 130 52.25
67 120 13.25
67 110 76.75
67 75 72.375
67 69 63.875
67 62 12.875
67 51 87.5
67 29 16.375
68 248 84.125
68 242 16
68 237 73.625
68 234 26.875
68 223 79.75
68 219 98.75
68 214 58.125
68 203 69.875
68 189 45.25
68 182 29.5
68 179 12.25
68 165 73.875
68 142 89.375
68 105 92.5
68 104 78.75
68 16 55.125
69 250 32.375
69 200 47
69 193 25
69 183 99.875
69 169 79.875
69 163 85.75
69 157 11
69 153 46
69 105 19.875
69 93 7.125
69 72 43.75
69 65 20.25
69 55 97.375
69 45 24.75
69 27 35.25
69 8 72.375
69 6 98.625
70 223 85.5
70 160 66.75
70 141 51.625
70 137 90
70 119 39.75
70 62 96.625
70 47 12.875
70 45 46.375
70 42 18.5
70 41 20
70 37 12.625
70 36 83.25
70 34 86.625
70 23 66.5
70 12 36.875
70 9 96.5
70 4 74.125
71 241 65.125
71 228 54.875
71 223 41.125
71 185 71
71 181 66.5
71 163 44.125
71 117 21.75
71 72 28.875
71 65 41.5
71 59 30.125
71 53 62
71 46 57.25
71 33 5.875
72 253 57.75
72 245 2.25
72 231 57
72 222 79.125
72 209 10
72 159 5.375
72 153 69.125
72 136 66.25
72 116 47.125
72 93 75.375
72 62 85.5
72 59 48.375
72 54 9.25
72 47 95
72 14 61.375
72 12 38.875
72 8 97.375
72 4 0.75
73 248 46.25
73 246 46.875
73 233 99.25
73 220 99.375
73 203 4.75
73 201 34.5
73 173 46.5
73 169 96.5
73 151 98.125
73 129 76.875
73 119 58.5
73 81 39.875
73 35 26.5
73 34 79.75
74 205 86.75
74 166 56.75
74 155 45.875
74 140 19.25
74 104 20.5
74 101 79.75
74 71 27
74 29 23.375
75 248 79.875
75 244 62.875
75 231 98.875
75 207 43.75
75 168 25.75
75 162 32.375
75 158 32.75
75 156 11.5
75 129 21.25
75 121 8
75 92 75.375
75 65 66.375
75 56 70.375
75 49 27.5
75 9 74.5
75 4 89.875
76 238 90
76 230 18
76 222 95.375
76 174 75.125
76 167 1.25
76 164 66.5
76 162 5.125
76 143 47.875
76 136 61.375
76 131 41.875
76 86 78.625
76 81 88.75
76 68 78
76 39 19.25
77 254 75.75
77 208 29.125
77 206 61.625
77 201 29.5
77 180 67.5
77 178 80.875
77 164 3.375
77 157 30.625
77 128 26.125
77 105 1.5
77 101 20
77 91 99.625
77 87 17.75
77 57 64.5
77 42 77.25
77 18 15.375
77 5 76.875
78 255 41.375
78 243 96.25
78 235 2.5
78 222 92.625
78 221 0.375
78 209 72.125
78 198 63
78 194 93.75
78 165 41.5
78 146 46.5
78 144 6.875
78 124 69.125
78 118 39.5
78 110 44.375
78 76 29.5
78 69 8
78 60 57.5
78 59 4.625
78 28 14.25
78 25 80.125
78 22 29.875
79 244 98.125
79 231 39.375
79 212 69.25
79 195 31.5
79 186 90.625
79 139 46.125
79 135 24.125
79 131 68.75
79 126 0.5
79 123 50.375
79 120 93.75
79 105 82.375
79 90 79.75
79 60 14
79 57 24.375
79 48 0.375
79 12 67.75
80 250 91.125
80 246 97.75
80 243 63.375
80 196 26.625
80 194 91.25
80 173 20.375
80 123 67.5
80 98 57.75
80 77 29.125
80 53 7.75
80 37 85.125
81 240 30.625
81 236 53.375
81 227 96
81 224 90.875
81 222 50.75
81 195 40
81 170 3.375
81 161 6.375
81 158 12.125
81 154 89.375
81 133 37.5
81 123 99.125
81 105 20.375
81 102 22
81 88 42.5
81 76 5.375
81 40 39.5
81 34 16.375
81 29 29
82 252 31.125
82 239 57.625
82 184 35.75
82 162 49.125
82 156 61.25
82 139 49.375
82 135 38.625
82 116 33.625
82 112 11.875
82 103 52.625
82 98 3.375
82 94 35.25
82 48 22.25
82 32 36.25
82 29 92.75
82 5 92.25
83 238 4.375
83 219 76.5
83 215 8.375
83 203 52.75
83 196 70.375
83 188 26.25
83 175 47.125
83 167 40.75
83 157 25.375
83 156 12.5
83 137 61.25
83 135 91.75
83 131 24.875
83 115 73
83 110 69.375
83 93 87.75
83 81 78.625
83 65 94.125
83 59 42
83 57 48.125
83 38 60.625
83 31 93.875
83 28 74.625
83 7 7.125
84 238 76.75
84 222 47.25
84 219 22.5
84 179 43.625
84 159 48
84 156 42.625
84 134 44.25
84 116 58
84 56 38
84 49 94
84 42 99.5
84 18 1.5
84 9 74.25
84 7 77.625
85 219 74.625
85 212 66.5
85 205 1.25
85 176 9.875
85 172 14.5
85 152 14.25
85 149 28.875
85 124 70.5
85 99 89.75
85 79 25.25
85 43 47.125
85 26 62.25
86 216 40.625
86 203 74.5
86 184 69.375
86 165 71.125
86 119 42.625
86 115 21.375
86 105 23
86 100 21.875
86 97 9.125
86 94 89.25
86 88 10.125
86 83 84.625
86 48 1.25
86 46 87
86 29 32.375
86 20 14.25
86 19 73.75
86 15 72.125
86 1 52.875
87 255 32.5
87 214 22.25
87 213 0.875
87 211 68
87 191 21.625
87 185 32.875
87 179 9.5
87 162 54.375
87 161 88.75
87 155 9
87 120 57.375
87 115 89.5
87 74 44.75
87 70 27.875
87 59 66.75
87 57 72.75
87 30 94
87 22 59.625
87 7 52.875
88 254 27.75
88 244 97.25
88 242 62.25
88 236 52.625
88 235 70.5
88 224 9
88 217 31
88 202 1.25
88 194 98
88 185 43.625
88 118 73.125
88 112 20.75
88 100 3.5
88 95 1.875
88 37 24.125
89 193 42.75
89 185 91.875
89 175 34.875
89 172 81
89 164 30.125
89 147 40.375
89 134 39.875
89 122 14.5
89 72 88.5
89 71 93.5
89 44 3.5
89 19 91.75
89 16 88
89 14 90.625
90 241 31.375
90 211 47
90 210 37.125
90 202 12.875
90 193 82.5
90 187 9.625
90 180 62.375
90 156 37.75
90 138 71.75
90 118 56.75
90 58 34.75
90 57 46.5
90 36 18.75
90 14 73.75
91 247 69.625
91 230 80
91 204 43.375
91 201 0.75
91 172 25.25
91 156 45
91 147 45.875
91 119 61.375
91 110 39.875
91 94 50.75
91 71 54.125
91 66 2.625
91 56 52.375
91 52 56.5
91 50 42.25
91 44 83.125
91 24 14.25
92 249 15.375
92 227 69.125
92 223 35.125
92 218 73.25
92 209 94
92 169 49.875
92 160 96.375
92 143 0.25
92 139 10.25
92 126 64.25
92 124 85.125
92 122 77.25
92 121 36.5
92 119 83.125
92 117 66
92 116 51.875
92 109 91.75
92 107 82
92 101 7.875
92 97 53.375
92 81 9.75
92 78 98
92 68 36.125
92 66 93.75
92 48 64.375
92 40 42.375
92 28 28.875
92 2 32.25
93 254 13.75
93 246 17.75
93 193 28.625
93 189 17.125
93 176 43.625
93 173 32
93 134 91
93 113 2.75
93 108 25.75
93 107 45
93 89 43.875
93 83 78.25
93 64 23
94 254 93.625
94 243 15.75
94 232 0.375
94 223 92.25
94 200 68.375
94 155 47.625
94 150 0.375
94 145 15.75
94 140 84.375
94 126 74.875
94 122 19.875
94 107 41.25
94 45 80.875
94 32 96.5
94 21 31.625
94 16 89.75
94 3 79.75
95 228 16
95 197 50.375
95 192 8.375
95 180 45.25
95 177 37.25
95 172 11.25
95 152 91.625
95 142 45.125
95 141 28
95 140 92.875
95 139 61.25
95 104 60.75
95 103 57.125
95 90 32.375
95 79 54
95 36 33.125
95 14 41.125
96 219 76.625
96 215 28.25
96 204 29.25
96 178 82
96 165 87.875
96 155 13.625
96 148 62.125
96 128 29
96 120 44.375
96 106 54.25
96 67 52.25
96 26 97.25
96 23 16.75
96 5 28.125
97 243 24.375
97 227 30.375
97 206 34.25
97 175 92.875
97 164 82.625
97 160 27.5
97 126 17.875
97 125 32.875
97 110 85.5
97 109 94.125
97 104 77.125
97 87 69.625
97 47 12.25
97 41 45.625
97 16 37
97 10 81.5
98 224 81.125
98 203 51
98 193 11.375
98 189 8
98 183 86.25
98 161 92.875
98 153 9.75
98 151 26.25
98 146 86.875
98 145 41.625
98 143 90.875
98 127 83.5
98 123 88.875
98 118 50.75
98 112 22.125
98 105 61.125
98 102 94.125
98 91 69.625
98 85 95.125
98 68 63.75
98 63 18.25
98 15 64.625
98 11 31.375
99 201 57.625
99 185 25.5
99 150 68.625
99 84 32
99 67 79.875
99 45 60.625
99 33 93.25
99 21 81.25
99 14 6.25
100 231 24
100 221 28.5
100 166 80.5
100 151 55
100 147 55.875
100 137 86.375
100 131 90.75
100 80 0.625
100 77 70
100 60 96.75
100 23 79
100 18 17.5
101 256 0.375
101 240 22.625
101 233 2.625
101 229 73
101 223 75.625
101 215 6.5
101 202 70.75
101 201 89
101 182 85.875
101 148 71.625
101 147 86
101 109 93.125
101 92 82
101 80 60.625
101 76 21.125
101 65 60.875
101 63 53.125
101 62 10.125
101 15 9.375
101 1 26.625
102 255 92.5
102 228 73.875
102 217 10.125
102 211 94.25
102 202 31.125
102 200 9.125
102 197 12.25
102 193 93.25
102 175 22
102 164 98.25
102 143 87.125
102 132 6.5
102 128 26.25
102 124 19.25
102 113 67.125
102 78 75.25
102 39 40.125
102 30 2.25
102 14 39.75
102 9 37.5
103 252 71.75
103 238 48.75
103 225 78.375
103 219 93.5
103 208 40.375
103 207 36.125
103 178 18
103 166 92.375
103 165 87
103 119 71.5
103 113 9.375
103 102 91.375
103 101 94.375
103 98 19.125
103 91 43.25
103 80 19.125
103 66 36.375
103 58 88.25
103 50 82.875
103 42 87.75
103 7 72
103 1 66.5
104 255 70.625
104 247 7.125
104 229 27.25
104 226 65.625
104 211 28.5
104 179 90.75
104 169 6.75
104 124 36.5
104 120 14.375
104 82 8.5
104 50 11.125
104 24 4.125
104 6 93.125
105 254 63.375
105 229 73.875
105 218 55.5
105 194 32.875
105 170 93.25
105 159 76
105 117 98.25
105 116 96.625
105 112 99.75
105 103 12
105 88 92
105 79 44.125
105 58 66.5
105 36 62.5
105 23 99.75
106 247 34.125
106 231 57.25
106 202 64.25
106 191 44.5
106 151 33.75
106 150 33.25
106 147 74.25
106 142 27.75
106 115 15.375
106 96 32.5
106 93 7.625
106 83 85.125
106 52 52.875
106 44 67.75
106 41 43.625
106 35 41.625
106 24 13.5
107 211 44.5
107 155 81.5
107 147 83.875
107 143 25.375
107 134 32.25
107 102 88.125
107 80 71.875
107 67 61
107 62 74.875
107 49 27.625
107 41 68.5
107 36 16.25
107 29 68.125
107 26 67.375
108 229 22.875
108 225 2.5
108 219 78
108 194 51.5
108 186 40.5
108 169 99.875
108 162 56.5
108 150 59.875
108 125 32.5
108 99 32.25
108 87 79.375
108 80 41.5
108 53 70.375
108 26 38.25
109 243 24
109 242 5.75
109 241 94.25
109 233 46.875
109 223 37.625
109 173 12.25
109 171 84.625
109 164 28.375
109 156 70.25
109 134 12.125
109 131 96.5
109 129 74.75
109 119 83.375
109 111 6.875
109 110 60.75
109 99 4.5
109 56 53.375
109 42 91.75
109 13 47.875
109 11 8
110 230 31.25
110 217 30
110 193 68.25
110 176 37.125
110 163 98
110 146 77.5
110 111 38.125
110 102 45.375
110 101 69.375
110 63 7.5
110 54 96.125
110 47 72
110 45 64.375
110 40 31
110 19 7.625
110 15 71.875
110 11 87.125
110 9 92.75
110 8 12.125
111 252 71.25
111 245 5.25
111 234 65.875
111 222 59
111 146 58.375
111 112 76.5
111 105 72.375
111 98 25.875
111 95 34.75
111 74 0.75
111 60 94.25
111 58 94.875
111 31 99.25
112 243 79.625
112 237 22.25
112 222 36.75
112 221 80.375
112 198 11.875
112 165 19.125
112 129 65.75
112 109 83.5
112 107 53.875
112 87 27
112 80 66.625
112 78 31.25
112 51 35.25
112 37 46
112 34 74.875
112 29 4.5
113 241 6.75
113 233 94
113 180 29.25
113 154 70.875
113 149 64.875
113 141 25.25
113 108 29.75
113 83 52.625
113 81 43.375
113 73 67.625
113 69 82
113 56 9.125
113 44 82.5
113 35 64.875
113 27 74.625
113 20 1.125
114 253 68
114 252 70.875
114 239 71.5
114 230 50
114 211 48
114 209 67.5
114 189 15.625
114 177 94.375
114 149 95.5
114 139 77.25
114 103 21.5
114 100 90
114 99 68.875
114 56 9.125
114 52 23.875
114 18 42.125
114 3 50.375
114 2 17
115 241 90.125
115 227 74.875
115 175 48.375
115 170 96.625
115 160 23.875
115 156 72.375
115 127 2
115 119 2.875
115 57 88.375
115 53 77.625
115 18 83.375
115 9 72
115 6 99.75
116 251 64.75
116 230 32.875
116 173 16
116 170 11.25
116 169 89
116 161 13.375
116 156 21.25
116 149 77.625
116 148 87.875
116 147 43.25
116 128 31.375
116 120 48.875
116 102 98.125
116 82 22
116 75 87.375
116 69 6.375
116 61 10.25
117 242 88.875
117 235 89
117 232 38.25
117 208 91.625
117 191 5
117 178 73.125
117 160 96.625
117 141 51.875
117 139 28.5
117 116 87.625
117 112 23.375
117 92 95.625
117 82 84.875
117 58 8.75
117 8 61.625
118 252 27.75
118 236 31
118 225 56.5
118 150 38
118 145 32.375
118 131 62.375
118 117 36.125
118 110 33.5
118 104 23.25
118 67 81.375
118 60 34.625
118 13 39.75
118 12 45.5
119 254 44.875
119 204 70.75
119 202 31.875
119 175 38.875
119 171 40.125
119 152 63.75
119 149 15
119 132 43
119 115 41
119 109 76.625
119 35 90.375
119 24 15.625
119 14 54.625
120 247 52.625
120 228 28.875
120 186 8.375
120 182 11.625
120 141 20.125
120 109 27.25
120 105 49.75
120 89 61.5
120 53 21.125
120 51 65.875
120 49 55.5
120 47 71.625
120 26 55.25
120 21 83.75
120 13 38
121 246 51.25
121 235 55.75
121 214 83.375
121 167 68.625
121 153 7.875
121 147 20.5
121 137 76
121 99 22
121 89 50.625
121 36 44.75
122 242 30
122 224 67.625
122 220 58.125
122 213 27.375
122 202 74.375
122 178 66.375
122 176 9.625
122 153 30.625
122 148 96.125
122 100 79.375
122 90 82.125
122 89 22
122 60 42.25
123 255 97.375
123 247 70.875
123 241 13.75
123 229 43.125
123 211 83.625
123 207 24.125
123 196 81.375
123 163 66.75
123 159 1.125
123 153 18.875
123 139 50.875
123 135 47.125
123 102 4.875
123 97 50.625
123 90 57.625
123 85 16.125
123 74 39.875
123 72 17
123 51 38.125
123 46 22.875
123 26 19.5
123 19 6.25
123 13 23.75
123 2 28.125
124 256 35.75
124 222 69.5
124 197 89.375
124 191 18.625
124 170 14.5
124 168 84.375
124 157 42.25
124 142 30.125
124 93 62.375
124 92 57.25
124 74 5.25
124 72 0.75
124 64 66.125
124 46 4.5
124 45 28.5
124 32 0.25
124 30 68.75
124 22 5.875
124 17 53
124 5 31.375
124 1 56.125
125 254 73.375
125 193 21.125
125 178 65
125 176 0.875
125 159 3.5
125 156 67.375
125 137 93.375
125 90 43.875
126 248 59
126 233 10.5
126 210 42.625
126 153 69.125
126 150 74
126 130 25.75
126 111 80.25
126 102 76.375
126 79 69.75
126 59 13.875
126 44 58.125
126 9 29.125
126 3 43.375
127 234 26.75
127 221 6.625
127 200 53.25
127 194 50.75
127 169 88
127 167 38.25
127 156 80.5
127 152 80.625
127 142 49.625
127 113 73.625
127 67 92.125
127 53 38.375
127 50 85.875
127 46 28
127 16 23.75
127 12 60
127 11 58.75
128 253 97.25
128 251 8.25
128 243 5.25
128 241 19.75
128 240 24.75
128 239 29.25
128 234 62.25
128 229 89
128 200 63.5
128 198 75.625
128 196 23.75
128 172 87.75
128 170 51.875
128 148 12.75
128 144 35.875
128 138 68
128 136 42.625
128 129 14.5
128 109 25.375
128 104 4.125
128 57 9.625
128 33 96.375
128 31 24.75
129 229 13.625
129 214 32
129 180 30.375
129 173 72.125
129 172 17.75
129 122 77.5
129 112 72.125
129 111 69.125
129 63 76.75
129 54 55.625
129 32 65.375
130 247 37.5
130 239 17.375
130 226 69.75
130 217 8.875
130 203 56.5
130 189 23.625
130 164 8
130 150 78.125
130 137 88.75
130 38 77.625
130 26 53.75
130 7 95.875
131 212 90.5
131 197 38.125
131 163 44
131 147 25.5
131 130 50.875
131 104 46.625
131 96 68.625
131 90 15.625
131 85 81.875
131 72 59.25
131 57 26
131 38 73.125
132 241 60.75
132 218 44
132 216 8.25
132 215 58.375
132 106 81.875
132 104 3
132 94 91.625
132 86 88.25
132 75 76.625
132 31 35
132 13 58.875
133 252 20.625
133 241 61.25
133 228 40.875
133 220 85.5
133 216 81.375
133 185 71.875
133 176 53
133 174 10.625
133 169 81.625
133 159 6.75
133 119 87.25
133 118 72.125
133 102 38.875
133 61 17.125
133 60 59.375
133 58 43.875
133 41 45.5
133 31 19
133 28 22.25
133 22 15
133 11 48.375
134 248 0.625
134 233 98.5
134 221 28.375
134 219 17.5
134 202 27.625
134 193 10.75
134 169 31.125
134 145 54.25
134 142 11.25
134 140 90.625
134 112 20.5
134 96 29.375
134 82 54.5
134 63 44.75
134 49 95.25
134 45 42.625
134 41 67.125
134 30 73.5
134 26 3
134 19 55.875
134 18 19.375
134 5 82.625
134 1 89.875
135 256 88.375
135 254 70.375
135 227 17.875
135 226 44.625
135 207 94.125
135 197 16.25
135 196 81.125
135 192 75
135 155 67.875
135 129 72.75
135 124 85.25
135 119 91.25
135 113 61
135 107 13
135 85 71.875
135 80 14.75
135 69 34.125
135 27 5.5
135 4 32.875
136 247 19.125
136 229 76
136 214 57.5
136 211 17.375
136 206 95.125
136 204 0.125
136 185 33.5
136 178 94.875
136 169 4.25
136 164 2.125
136 155 91.375
136 148 90.75
136 127 76.125
136 122 19.75
136 105 57.5
136 92 85.625
136 41 84.125
136 32 26.75
136 20 63
137 246 49.75
137 244 26.125
137 229 27
137 218 23.5
137 187 49.375
137 178 58.125
137 175 61.375
137 163 70.5
137 156 84.375
137 152 75.75
137 117 82.375
137 111 15.75
137 92 34.875
137 84 75.375
137 79 2.5
137 77 61
137 50 41.5
137 44 78
137 35 70.25
137 13 30.75
137 2 54.625
138 223 23.25
138 180 31.5
138 175 39.5
138 142 74.25
138 122 28
138 119 51.875
138 116 24.25
138 100 30.875
138 95 67.125
138 90 95.125
138 40 37.5
138 7 97.625
139 251 49.125
139 221 21.875
139 214 31.75
139 203 74.625
139 164 54
139 158 22.625
139 150 81.75
139 142 92.25
139 135 60
139 117 60.625
139 57 62.625
139 54 73.125
139 51 22.625
139 38 97.25
139 36 0.25
139 9 96.875
140 246 39.375
140 234 82
140 224 75.75
140 222 93.125
140 195 82.625
140 169 95.125
140 165 17.5
140 160 36.25
140 158 75.875
140 157 85.125
140 148 92.375
140 137 93.125
140 133 60.25
140 119 69
140 63 45.625
140 47 67.125
140 42 48.25
140 36 77.125
140 30 94.125
140 27 7.875
140 19 56.375
140 1 81.25
141 227 72.875
141 217 58
141 189 34.375
141 184 29.625
141 137 16.5
141 131 32.625
141 128 44.25
141 120 91.125
141 105 96
141 74 84
141 53 88.875
141 2 16.125
142 240 21.75
142 237 23.5
142 227 43.125
142 226 17.125
142 223 24.25
142 209 78.25
142 206 38.625
142 178 67.5
142 170 17.5
142 135 84.25
142 71 5.375
142 28 93.25
142 25 48.125
142 22 93.875
142 13 32.5
143 247 24.125
143 234 12.5
143 231 13.625
143 228 64
143 219 11.25
143 209 39
143 205 14.125
143 185 34.5
143 183 9.625
143 181 68.125
143 179 66
143 173 79.375
143 156 41.375
143 137 33.875
143 114 64.625
143 103 10.125
143 75 22.125
143 73 53.375
143 69 20.125
143 66 52.625
143 48 68.625
143 33 9.75
144 255 57.375
144 232 95.25
144 193 40.875
144 185 11.5
144 176 95.75
144 174 19.875
144 171 17.875
144 163 6.25
144 149 75.75
144 142 40.375
144 48 49.5
144 9 8.625
145 243 54.125
145 211 31.125
145 210 56.75
145 209 69
145 199 86
145 176 69.625
145 151 59.625
145 150 55.75
145 127 57.5
145 123 7.5
145 105 26
145 91 43.625
145 74 28
145 72 96.25
145 60 10
145 57 63.125
145 47 31.75
145 12 49.875
146 245 9.375
146 237 60.25
146 234 4.25
146 225 42.875
146 216 51
146 210 66.375
146 202 3.125
146 104 65.5
146 82 98.5
146 81 12.75
146 46 15.875
146 41 73.5
146 37 57.75
146 19 86.375
147 253 6.75
147 252 49.875
147 220 43.875
147 190 88.375
147 188 6.125
147 171 21.5
147 162 82.25
147 142 62.875
147 127 66.375
147 107 14.625
147 59 55.125
147 47 73.375
147 33 15.5
147 32 32.875
147 24 27
148 244 16.375
148 239 82.5
148 229 78.125
148 218 46.5
148 214 69.25
148 199 2.5
148 176 72.375
148 144 97.375
148 143 46.625
148 124 55.875
148 113 99
148 88 37.25
148 70 38.75
148 68 16
148 41 22.625
148 34 0.125
148 25 7.5
148 24 20
149 235 25.25
149 226 22.375
149 214 26.75
149 185 66.625
149 169 67.25
149 144 23.25
149 136 91.75
149 116 86.375
149 76 32.875
149 43 72.625
149 40 46.375
149 39 33.5
150 253 62.625
150 230 88
150 228 3.75
150 201 84.25
150 197 98.5
150 177 0.625
150 174 77.5
150 152 88.75
150 145 97.625
150 139 98.875
150 100 89.25
150 68 25.75
150 54 71.625
150 23 74.625
151 252 52.625
151 251 96.875
151 241 68.75
151 226 8
151 213 92.25
151 201 6.75
151 200 56.25
151 162 58.375
151 161 55.625
151 122 84.75
151 89 32.875
151 85 86.5
151 82 3
151 73 33
151 29 13.25
151 28 93.5
151 14 98.125
152 243 63.375
152 203 48.375
152 189 14.125
152 188 3.125
152 173 74.75
152 149 54.5
152 90 44.5
152 89 59
152 47 64.625
152 16 60.875
152 2 3.625
153 231 79.125
153 230 91.125
153 157 12.625
153 154 90.125
153 142 19.75
153 129 59.875
153 122 76.75
153 111 55
153 110 85.75
153 96 45.75
153 95 3.75
153 63 77.5
153 9 55
153 1 53
154 235 60.125
154 210 39.25
154 196 16
154 180 17
154 164 1.25
154 161 0.625
154 159 76.625
154 137 47.125
154 123 51
154 121 36
154 114 67.5
154 86 67
154 84 41.125
154 82 97.875
154 60 11.75
154 56 43.25
154 52 62.875
154 44 71.375
154 32 42.375
154 10 99.125
155 250 56.875
155 228 82.375
155 197 95
155 195 55
155 137 44.375
155 124 62.125
155 117 84.75
155 97 36.5
155 86 18.625
155 83 77.75
155 76 63.375
155 60 26.25
155 44 70.125
155 43 14.5
155 5 6
156 241 40.25
156 225 51.125
156 206 97.375
156 203 24.625
156 186 88.875
156 178 0.25
156 161 49.875
156 138 73.375
156 136 40.125
156 129 6.75
156 111 36.5
156 110 82.875
156 89 54.375
156 54 35.5
156 48 50
156 36 33.875
156 13 75.125
156 12 32
156 9 86.375
157 247 65.375
157 246 23.625
157 231 41.125
157 216 78.75
157 193 52.875
157 192 26.75
157 138 50.5
157 135 35.875
157 106 85.625
157 99 95.75
157 86 69.75
157 53 3.875
157 49 38.25
157 35 48.25
157 20 38.375
158 213 86.625
158 206 1.625
158 195 7.125
158 183 76.875
158 151 66.375
158 145 45.75
158 67 92
158 38 39.375
158 28 76.25
158 19 50.25
158 8 86.125
159 254 18.25
159 232 26.875
159 217 73.75
159 195 53.25
159 187 19.125
159 165 29.125
159 144 79.5
159 143 74.125
159 117 9.5
159 108 91.5
159 97 59.625
159 66 14.75
159 54 37.375
159 18 49
159 9 29.25
160 246 92.375
160 198 51.5
160 194 32.625
160 193 3.125
160 158 86
160 127 27.125
160 102 66.375
160 99 99.375
160 77 44.75
160 46 78.5
160 42 20.375
160 39 15
160 29 81
161 239 82
161 227 95.875
161 201 4.25
161 191 93.375
161 174 51.125
161 169 71.25
161 167 10.5
161 157 62.25
161 151 82
161 149 68.75
161 142 60.625
161 123 13.25
161 122 78.25
161 110 65.25
161 108 93.875
161 105 71.75
161 101 58.875
161 61 74.25
161 38 91.375
161 31 26.75
161 22 4.625
161 14 98.5
162 254 41.25
162 245 87
162 229 38
162 214 54
162 207 73.5
162 194 86.875
162 188 64.875
162 169 20.5
162 167 96.625
162 153 64.625
162 146 48.75
162 145 69.25
162 142 23.875
162 130 69.75
162 118 58.25
162 83 69.125
162 39 96.5
162 25 51.875
163 251 65.875
163 241 94.625
163 231 62.75
163 219 51.125
163 217 51.125
163 190 99.875
163 140 51.625
163 128 35.875
163 123 13.25
163 111 64.5
163 106 18.625
163 88 22.5
163 76 28.875
163 34 76.25
163 29 1.125
164 248 64.125
164 246 92.375
164 227 19.25
164 219 4.625
164 198 40.625
164 167 46.125
164 99 44.625
164 91 37.75
164 76 8.375
164 72 70.875
164 71 22.375
164 66 43.625
164 63 45.25
164 44 21.875
164 36 92.625
164 30 5.875
164 25 22.375
164 16 30.875
165 239 93.375
165 232 28.125
165 227 40.5
165 220 28.375
165 214 37.875
165 192 96.5
165 190 71.625
165 162 24.875
165 161 63.375
165 156 23.625
165 135 53.75
165 118 7.875
165 117 93.625
165 103 99.25
165 102 90.125
165 86 89.125
165 70 96
165 63 12.875
165 62 48.75
165 29 87.5
165 11 50.625
165 5 17.875
166 248 78
166 243 12.625
166 239 63.625
166 236 12.75
166 196 97.125
166 178 8.625
166 160 96.125
166 142 79.625
166 129 96.125
166 122 78.875
166 118 31.125
166 89 51.875
166 76 97.125
166 51 47.875
166 50 51.625
166 43 62
167 255 69.875
167 196 42.5
167 192 98.625
167 176 39
167 175 22.625
167 174 8.5
167 139 90.25
167 122 94
167 116 62
167 101 22.875
167 80 18
167 56 28
167 53 67.5
167 39 61.25
167 35 55.5
167 31 13.75
168 241 26.5
168 218 28.5
168 177 92.75
168 166 88.125
168 160 87.875
168 131 86.125
168 110 14.875
168 103 42.5
168 70 50.625
168 49 1.5
168 39 17
168 34 72.125
168 31 3.25
168 27 67
168 11 51.875
169 244 19.5
169 241 24.5
169 234 79.5
169 222 9.875
169 189 69.875
169 181 80.875
169 137 81.875
169 108 54.625
169 71 7.125
169 24 18.625
169 10 23
170 249 52.75
170 247 49.75
170 220 2.875
170 211 47.125
170 202 54.875
170 175 96.25
170 174 1.75
170 148 79.625
170 139 44.75
170 106 65
170 101 79.625
170 100 42.375
170 95 92
170 74 47.125
170 73 47
170 69 1.625
170 63 6.75
170 55 63
170 52 63.25
170 5 24.375
171 209 92.75
171 189 98
171 175 86.5
171 166 92.5
171 151 18.5
171 142 13.125
171 55 85.625
171 45 44.25
172 217 38.375
172 216 44.875
172 214 53.875
172 212 20.5
172 208 44.25
172 189 90.875
172 187 33.375
172 159 57.5
172 138 42.125
172 103 24.5
172 81 11.25
172 79 46.625
172 52 64.625
172 35 29.625
172 17 68.125
172 10 65.125
172 9 23.875
172 3 80.5
173 256 67.5
173 251 29.75
173 229 55.875
173 215 19.5
173 188 0
173 185 39.25
173 163 56.875
173 152 73
173 150 96.75
173 131 25.625
173 124 76.25
173 98 34.25
173 84 54.25
173 81 98.125
173 76 87.75
173 75 19.75
173 61 71.75
173 47 79.625
173 36 99.125
173 32 10.625
173 31 21.25
173 28 7.125
173 13 60.5
174 251 39.75
174 233 39.125
174 229 55.5
174 223 77
174 216 67.125
174 207 4
174 203 19.125
174 157 55.625
174 152 71.375
174 148 52.875
174 130 76
174 118 56.625
174 66 45.125
174 65 72
174 48 59.25
174 8 56.125
175 248 26.5
175 245 83.5
175 242 83.375
175 217 4.875
175 178 78
175 157 98.875
175 117 46.25
175 116 18.875
175 114 43.5
175 105 48.375
175 104 71.5
175 92 2.25
175 90 75.25
175 84 41.625
175 81 13
175 65 26.875
175 54 10.625
175 15 16.125
175 12 7.5
176 236 50.5
176 199 73.625
176 197 28
176 168 81.125
176 147 58.25
176 131 39.125
176 84 32
176 42 71.75
176 40 20.875
176 30 88
177 250 57.125
177 245 51.375
177 232 93.5
177 216 32.75
177 211 47.125
177 207 43.5
177 197 46.75
177 165 76.25
177 150 73.75
177 106 80.625
177 85 10.25
177 60 39
177 46 17
177 32 77.875
177 30 74.5
177 19 18
177 18 81.625
177 5 3.25
177 2 1.875
178 221 28.375
178 215 4.375
178 202 81.25
178 192 37
178 146 11.5
178 141 7
178 128 32.25
178 98 73.25
178 94 39.25
178 82 82.125
178 79 4.25
178 75 50.375
178 52 46.875
178 5 23
178 1 24.125
179 228 64.625
179 192 51
179 189 10.875
179 173 89
179 168 48.875
179 149 24.375
179 144 73.875
179 141 87.25
179 103 24.75
179 64 33.25
179 62 65.375
179 42 51.75
179 36 67.875
179 25 92.125
179 16 4.875
179 10 60.25
179 7 6.375
180 253 22
180 248 36
180 241 72.75
180 199 20
180 177 18.625
180 153 40.5
180 122 83.625
180 109 53.875
180 95 6
180 72 29.25
180 63 31.75
180 44 86.75
180 43 75.125
180 39 72.75
180 23 30.625
180 10 45.375
180 5 41.375
181 202 22.5
181 182 19.5
181 179 93.125
181 172 80.375
181 166 54.75
181 160 23.625
181 155 26.25
181 132 70.375
181 128 98.75
181 99 15.125
181 89 24.125
181 68 5.25
181 40 99.75
181 25 36.875
181 22 77.875
181 4 25.75
182 256 10.375
182 225 99.75
182 221 94.375
182 220 73.5
182 170 67.875
182 156 45.125
182 102 54
182 83 84.125
182 65 30
182 62 70.75
182 52 49.25
182 31 35.125
182 26 95.75
182 3 77
183 225 38.25
183 206 56
183 189 20.875
183 149 75.5
183 121 74.75
183 110 88.5
183 108 53.625
183 106 54.125
183 104 19.75
183 94 6.625
183 84 34.875
183 82 99.375
183 73 26.625
183 58 27.125
183 56 31.375
183 55 65.125
183 41 90.625
183 40 65.5
183 32 95.625
183 31 70.25
183 21 25.75
183 1 15.5
184 253 49.875
184 240 76.125
184 226 28.5
184 212 35.25
184 206 96.125
184 185 71.875
184 174 71.75
184 163 84.25
184 122 89
184 119 50.25
184 110 45.125
184 104 81.5
184 51 96.25
184 27 47.5
184 8 89.5
185 204 59.5
185 187 72.375
185 161 63.125
185 138 19
185 134 30.375
185 118 50.375
185 116 22.875
185 102 23.625
185 95 45.625
185 90 11.375
185 72 55.25
185 69 83.875
185 45 33.875
185 37 13.75
185 35 57.5
185 19 20.875
185 14 44.25
185 8 67.125
185 1 44
186 252 78
186 238 96.25
186 231 78.75
186 210 37.875
186 182 16.625
186 156 22.875
186 151 38.375
186 148 42.75
186 137 1
186 121 15.625
186 113 72.625
186 103 74.25
186 94 33.5
186 79 0.75
186 73 55
186 65 39.75
186 58 74.625
186 57 96.125
186 47 63
186 4 51
187 211 22.5
187 189 87.375
187 172 51.5
187 171 74.75
187 165 38.125
187 151 58.5
187 135 17.75
187 134 87.875
187 121 40.75
187 89 49
187 76 95.375
187 75 32
187 63 53.875
187 48 0.625
187 46 61.5
187 39 32
187 20 39.125
188 241 17.625
188 237 61.5
188 203 24.25
188 158 21.5
188 156 93.625
188 146 53.25
188 116 47.625
188 113 38.125
188 109 28.5
188 101 5.875
188 79 52
188 76 82.125
188 58 53.875
188 29 69.5
188 16 32.25
189 243 61.75
189 221 42
189 197 73.625
189 177 68.625
189 154 24.875
189 106 47.125
189 96 59
189 81 87.625
189 65 1.875
189 60 89.25
189 51 10.875
189 49 35.375
189 43 77.625
189 31 39.75
189 20 34.125
190 253 68.5
190 244 99.5
190 239 84.375
190 226 41.375
190 194 64.25
190 181 58.5
190 140 79.125
190 116 82.875
190 113 71.25
190 99 78.75
190 21 17.875
191 241 9.375
191 199 84.375
191 167 87.125
191 134 34.75
191 124 86.375
191 109 68.875
191 104 70
191 71 48.375
191 57 56.25
191 44 46.125
191 25 74
191 22 63
191 20 96.875
191 6 9
191 3 20.625
192 234 30
192 156 39.125
192 146 51.625
192 137 48.25
192 122 57.125
192 89 22.75
192 75 16.375
192 51 66.625
192 46 52.25
192 19 28.75
193 226 52.625
193 222 24
193 211 87.125
193 192 18.5
193 189 42.375
193 158 30.375
193 155 81.125
193 152 46.625
193 110 30.25
193 109 93.5
193 91 81
193 48 26.5
193 33 73.25
193 23 54.125
194 238 50.25
194 224 57.125
194 197 3.375
194 171 95.875
194 169 60.625
194 165 12.75
194 163 43
194 144 35.25
194 137 69.625
194 134 83.5
194 127 44.25
194 103 33.5
194 87 1
194 85 51.875
194 83 23.75
194 73 30.375
194 60 49
195 246 8.125
195 236 30.25
195 226 21.125
195 223 63.75
195 183 88.25
195 171 5.625
195 170 98.125
195 137 56
195 119 60.75
195 64 36.125
195 60 6.125
195 59 25.125
195 53 20.625
195 52 4.25
195 47 49.25
195 14 59.25
196 252 42.625
196 215 82
196 203 10.375
196 201 74.5
196 166 29.25
196 142 56.375
196 141 79.5
196 91 92.375
196 83 50.375
196 76 55
196 72 39.5
196 48 73.625
196 40 19
196 23 63.625
196 4 28.625
197 237 62.375
197 233 66.625
197 225 23.375
197 203 85.125
197 174 24.125
197 172 74.625
197 168 24.125
197 146 49.375
197 124 67.375
197 120 3.75
197 106 13.75
197 95 46.375
197 91 23.5
197 56 58.875
198 235 44.25
198 218 70.125
198 196 77.875
198 172 10.75
198 146 83.375
198 140 69.375
198 133 90.125
198 132 99.375
198 90 23.5
198 58 38.5
198 51 34.125
198 20 57.625
198 19 71.375
199 209 80.625
199 194 79
199 189 74.875
199 178 76.375
199 167 41.375
199 147 87.5
199 138 98.375
199 123 41.75
199 55 44.125
199 24 98.25
199 14 64.625
199 12 60.25
200 212 29
200 205 69.5
200 180 89.25
200 170 3.625
200 163 45.375
200 115 25.625
200 97 3.75
200 79 60.5
200 73 0
200 64 6.625
200 53 59.25
200 32 9.5
200 3 58
201 246 16.75
201 206 36.125
201 202 66.625
201 197 55.75
201 189 64.625
201 187 41.25
201 174 96.625
201 139 95
201 132 68.375
201 124 23.25
201 110 95.125
201 107 88.5
201 95 87
201 89 60.25
201 65 68.875
201 42 18.125
201 38 17.375
201 33 79.625
201 26 10
201 10 85.625
202 242 77.25
202 227 18.625
202 226 20.75
202 224 41
202 196 79.625
202 175 53.5
202 140 47.625
202 134 40
202 125 78.75
202 100 66.625
202 61 97.25
202 57 77.5
202 29 86.25
202 22 32.25
202 15 53.25
202 2 18.625
203 249 90.625
203 180 13.375
203 149 68.125
203 120 51.375
203 110 14
203 78 22.25
203 50 48.25
203 24 42.75
203 3 3.5
204 236 25.25
204 230 63.625
204 225 36.125
204 191 84.25
204 184 94.875
204 177 85.125
204 74 69.875
205 250 16.25
205 248 30.25
205 221 85.875
205 211 90.375
205 209 62.75
205 193 20.875
205 177 8
205 160 13.125
205 150 89.25
205 137 12.125
205 88 75.75
205 79 91.25
205 77 12.125
205 58 8.5
205 49 48.375
205 37 74.875
205 19 98.625
205 16 36
205 4 16
206 256 64
206 252 39.25
206 245 81.5
206 211 10.625
206 209 39
206 181 71.5
206 173 83.125
206 161 21.625
206 153 27.875
206 144 21
206 129 26.75
206 110 35.875
206 95 6.375
206 46 42.5
206 13 29.125
207 232 73.875
207 231 2.5
207 216 93.5
207 212 60.5
207 211 95.375
207 206 73.75
207 200 28.875
207 195 37.125
207 179 24.875
207 175 43.75
207 158 65.875
207 144 39.75
207 126 22.875
207 104 67
207 101 89.375
207 63 61.125
207 15 35.625
208 248 7.875
208 204 56.75
208 198 74.375
208 197 3.375
208 173 73.625
208 153 94.25
208 141 37.875
208 140 70.875
208 109 85
208 101 10.875
208 17 32
208 11 92.625
209 251 69.75
209 236 33.75
209 233 97.125
209 179 18.5
209 110 59.75
209 108 49.25
209 106 50.75
209 89 46.25
209 83 10.375
209 81 98.5
209 75 63.875
209 69 64.125
209 36 84
210 230 46.5
210 212 29.25
210 201 32.625
210 193 12.125
210 168 97.875
210 129 21.5
210 124 4.75
210 122 12
210 95 92.75
210 54 53.75
210 51 24.25
210 38 9.125
210 23 84.875
210 18 99.5
211 235 21.75
211 232 87.5
211 229 46.125
211 187 82.25
211 167 57
211 150 98
211 133 64.125
211 122 90.625
211 82 13.25
211 77 50.25
211 68 45.75
211 59 86.5
211 24 67.25
211 8 22.25
211 6 65.875
212 210 35.375
212 208 14.875
212 207 44.875
212 198 11.75
212 183 20.5
212 150 72.75
212 117 62
212 110 41.125
212 56 21.875
212 53 29.5
212 27 86.75
212 19 24.75
213 238 9.5
213 229 59.75
213 224 80.625
213 211 35.5
213 179 57.625
213 169 27.625
213 166 66.125
213 162 95.625
213 161 4.375
213 149 39.375
213 136 13.375
213 127 13.5
213 74 95.625
213 71 50.875
213 62 98
213 54 51.5
213 43 15.75
214 253 45.5
214 248 96.25
214 247 51.375
214 199 30.625
214 191 66
214 178 26.375
214 143 40.625
214 107 62.5
214 98 96.5
214 92 51.5
214 91 58.625
214 84 53
214 72 18.125
214 69 96.75
214 63 47.125
214 38 81.375
214 36 36.5
214 28 90.5
214 23 83.5
214 17 72.25
214 16 25.625
215 237 94.5
215 219 92.75
215 214 82.25
215 163 24.5
215 156 71
215 153 19.125
215 147 73.25
215 146 58.75
215 109 39.5
215 92 42.75
215 87 91.875
215 64 29.625
215 55 28
215 52 38.5
215 47 5.25
215 43 84.5
215 21 5.5
215 6 34.625
216 250 4.625
216 248 40.875
216 243 20.75
216 240 85.75
216 236 48.25
216 228 3.125
216 207 9.75
216 202 72.5
216 195 98
216 189 51.25
216 185 90.625
216 175 55
216 173 77.75
216 164 71
216 147 77.125
216 91 67.625
216 86 59.75
216 83 72.875
216 79 45.25
216 76 63.75
216 70 34.5
216 67 49.75
216 45 19.625
216 17 19.875
217 251 94.75
217 243 76.875
217 209 91.625
217 202 57.25
217 186 19.125
217 151 49.625
217 150 41.625
217 139 43.625
217 134 23.75
217 119 26.375
217 95 70.625
217 90 95.375
217 87 14.375
217 32 37.5
218 250 14.25
218 217 14.375
218 178 35.875
218 149 0.875
218 134 64.5
218 128 29.5
218 120 11.75
218 119 89.875
218 117 77.75
218 114 16.25
218 113 40.875
218 100 35.875
218 93 12
218 49 17.625
218 44 9.875
218 11 94
218 10 28.5
218 4 75.75
218 3 59.375
219 252 64.375
219 243 70.625
219 238 48.875
219 216 30.5
219 215 41
219 206 30.25
219 205 23.625
219 195 39.375
219 189 28.25
219 173 22.875
219 141 26.875
219 94 31.375
219 93 69.875
219 90 75.5
219 83 59
219 69 34
219 27 80
219 22 35.625
220 253 0.75
220 225 55.875
220 201 34.25
220 189 20.75
220 166 94.875
220 158 17.5
220 153 79.625
220 136 41.875
220 70 1.375
220 65 24
220 52 78.75
220 48 36.125
220 27 98
220 23 91.75
220 8 10.875
221 241 67
221 235 58.75
221 234 89.875
221 232 57.875
221 204 32
221 149 40.75
221 145 92.5
221 131 92.5
221 79 8.125
221 56 23.625
221 54 77.75
221 52 42.875
221 49 38.75
221 28 76.25
221 27 34.875
221 7 85
222 224 37.125
222 217 82.625
222 204 24.875
222 202 35.875
222 197 16.875
222 184 65
222 177 88.875
222 165 90.5
222 142 15.25
222 97 87.625
222 95 29.875
222 85 70.75
222 69 57.75
222 62 22.5
222 1 26.625
223 238 76.75
223 221 44.125
223 195 53
223 189 77.375
223 187 7
223 177 86.125
223 173 31.5
223 166 38.625
223 158 89.625
223 144 77.375
223 130 71.125
223 109 30.125
223 94 84.625
223 88 36.5
223 79 22.75
223 77 47.5
223 76 80.125
223 68 21.25
223 45 2
223 25 43.625
224 249 17.125
224 227 99.25
224 210 65.5
224 205 49.75
224 187 17.75
224 104 83.5
224 75 34.75
224 10 29.375
224 8 52.625
224 4 57.5
225 248 73.375
225 243 14.625
225 199 24
225 164 27.875
225 103 42.125
225 100 30.125
225 98 98.625
225 80 99.25
225 72 31.5
225 50 13.375
225 26 72.875
225 25 68
226 255 3.125
226 245 88.5
226 229 1.25
226 213 33.75
226 197 95
226 196 42.75
226 194 69
226 185 9.5
226 168 73.625
226 135 3.875
226 115 27.125
226 112 4.875
226 111 34.75
226 110 48.875
226 101 15.375
226 96 21.75
226 91 38.375
226 84 14.125
226 80 57.75
226 66 74.5
226 42 23.875
226 27 47.875
226 10 87.875
227 195 80.125
227 171 25
227 139 73.625
227 92 86.375
227 56 97
227 47 80.5
227 23 49.5
227 22 35.5
227 18 1
227 1 4.375
228 243 81.875
228 232 95.75
228 196 94.25
228 195 4.75
228 183 92.625
228 174 32.625
228 128 67.25
228 122 3.875
228 114 95.25
228 99 10.125
228 74 38.75
228 31 91
228 26 17.875
228 17 13.875
229 255 23.125
229 246 11.25
229 238 41.625
229 212 82.25
229 162 53.5
229 153 64.625
229 138 54.25
229 129 67.5
229 116 7.625
229 104 6.75
229 83 6.5
229 76 3.5
229 70 86.875
229 69 52.875
229 68 67.5
229 58 17.375
229 54 16.75
229 36 68.5
229 1 37.125
230 246 60
230 236 75.625
230 222 67.875
230 215 66.625
230 203 3.375
230 172 12.375
230 161 35.75
230 139 1.75
230 137 2.25
230 133 97.625
230 130 25.875
230 99 51.25
230 45 29.375
230 41 42.625
230 12 96.625
230 5 33.125
231 245 56.5
231 205 50.25
231 203 59.875
231 176 90.25
231 155 95.25
231 149 95.5
231 118 41.125
231 113 54.875
231 103 29.25
231 86 70
231 22 57.25
231 15 95.25
232 252 39.375
232 248 28
232 241 74.75
232 220 4
232 187 71.75
232 180 74.75
232 176 79
232 175 30
232 148 61.5
232 104 64.25
232 76 65.375
232 69 55.375
232 57 95.125
232 20 70
233 252 23.125
233 241 20.75
233 203 9
233 199 0.75
233 189 0.625
233 169 44.25
233 162 30.375
233 151 21.5
233 146 60.625
233 92 55.75
233 85 27
233 70 18.375
233 56 27
233 55 46.75
233 12 50.375
234 237 79.375
234 215 66.5
234 203 14
234 195 27.375
234 154 53.75
234 107 7.375
234 88 46.125
234 77 53.5
234 43 74.5
234 34 70
234 32 20.125
234 4 28
235 240 23.125
235 236 82.625
235 225 58.25
235 219 22.375
235 216 97.5
235 201 53.375
235 188 13.625
235 149 59.125
235 145 81.875
235 143 94
235 135 91.5
235 119 52.625
235 118 87.875
235 92 74.625
235 58 36.625
235 39 77.125
235 31 42.125
235 22 38.5
235 15 64
235 10 32.875
235 8 53.5
236 233 84.25
236 224 14.625
236 223 34.875
236 189 73.375
236 186 26.125
236 178 98.625
236 174 95.5
236 168 54.75
236 139 36
236 123 82.375
236 99 89.875
236 95 72.5
236 89 50.625
236 75 17.875
236 56 91.75
236 15 42.375
236 10 74.375
237 206 93.5
237 192 56.75
237 178 59.75
237 172 15.125
237 156 17.875
237 141 26.625
237 134 78.625
237 133 42.125
237 130 79.625
237 121 3.5
237 100 22.375
237 91 38.5
237 46 60.625
237 36 43.75
237 14 8.625
237 13 85.625
237 7 57.125
237 5 72.875
238 256 22.375
238 247 55.75
238 233 91.75
238 221 38.5
238 219 23.625
238 215 19.375
238 212 7.375
238 205 91.5
238 195 14.875
238 167 11.25
238 163 8.625
238 154 79
238 150 94
238 126 54.375
238 123 51
238 118 54.75
238 81 11.5
238 49 80.125
238 40 18.375
238 35 94
238 4 78
239 254 29.25
239 253 9.875
239 251 4.75
239 246 81.375
239 233 18.625
239 220 79.25
239 209 8.5
239 200 68.875
239 181 48.25
239 158 94.75
239 154 52.75
239 147 28.75
239 104 27.25
239 76 12.375
239 61 48.75
239 39 88.75
239 23 91.125
240 256 39.625
240 222 84.875
240 185 51.375
240 163 4.75
240 132 33
240 116 21.125
240 70 12.375
240 26 18.875
240 23 31.5
240 12 43.625
241 250 95.625
241 239 45.875
241 222 53.75
241 200 27.25
241 163 81.375
241 152 72.125
241 139 89.25
241 127 51.25
241 120 90.5
241 109 74.25
241 105 76.25
241 70 4.75
241 49 61.5
241 14 26.375
242 250 34
242 240 97
242 223 60.75
242 212 48.5
242 146 69.5
242 142 68.125
242 131 93.5
242 128 26.75
242 116 84.5
242 80 58.625
242 71 21.5
242 35 73.75
242 21 32.625
242 19 37
242 15 16.25
242 5 17.75
243 205 76.5
243 204 30.75
243 156 85.75
243 153 52.875
243 151 69.5
243 141 70.875
243 130 69.5
243 126 83.25
243 87 87
243 69 4.875
243 53 38.625
243 33 31.625
243 25 59.75
243 12 47.5
243 10 50.375
243 7 0.75
244 237 69.75
244 233 80.125
244 179 4.5
244 157 7.375
244 152 96.5
244 150 76.75
244 149 51.25
244 131 0.75
244 115 22.125
244 108 68
244 100 68.5
244 90 71.125
244 75 15.25
244 67 10.75
244 52 58
244 3 37.75
245 227 52.125
245 224 0.375
245 210 93.5
245 192 25.75
245 182 43.25
245 162 72.125
245 161 13.75
245 145 58
245 76 46.5
245 64 46.75
245 19 4.875
245 15 10.875
246 256 6.25
246 255 14.125
246 238 53
246 231 19.375
246 205 54.375
246 202 85
246 188 92.125
246 187 27.875
246 141 70.125
246 134 54.25
246 125 16.125
246 122 69.125
246 120 46.875
246 106 50
246 96 15.875
246 95 22.125
246 72 8.125
246 70 9.375
246 51 88.5
246 49 66.75
246 45 98.75
246 41 42.75
246 23 83.25
246 18 43.125
246 3 16.125
247 160 62.25
247 126 48.75
247 115 23.5
247 109 92.375
247 108 48
247 105 18.375
247 57 28
247 44 34.75
247 29 11.625
247 20 2.75
247 11 5
247 3 67.75
248 212 75.625
248 205 4.25
248 203 22.25
248 198 60.25
248 187 35.5
248 178 82
248 140 19.75
248 137 98
248 132 67.25
248 131 44.25
248 127 70.75
248 108 18.875
248 100 83.125
248 74 10
248 10 58.625
249 240 87.5
249 223 27.625
249 197 61.5
249 188 25.875
249 172 52.875
249 148 49.5
249 117 20.625
249 114 62.75
249 106 67.125
249 101 31.625
249 73 81.75
249 42 15.375
249 39 15.25
249 17 3.375
249 9 64.5
249 8 48.75
249 1 82.5
250 207 45.5
250 191 52.125
250 168 49.5
250 158 78.375
250 126 50
250 103 64.375
250 77 34.5
250 31 45
250 9 32
251 218 34.875
251 199 11.375
251 196 51.5
251 188 70.25
251 184 67.75
251 164 43.125
251 161 47.625
251 141 99.75
251 124 19.375
251 118 75
251 101 70.625
251 63 26.375
251 53 57.75
251 50 70.25
251 1 96.875
252 248 27
252 213 80.375
252 212 75
252 206 81.25
252 178 91.5
252 130 10.875
252 102 12
252 92 24.625
252 60 51.875
252 58 44.375
252 45 1.375
252 32 7.375
252 17 84
252 5 53.75
253 250 11.75
253 246 63.875
253 228 62.25
253 193 52.625
253 173 45.25
253 169 22.5
253 104 65.375
253 90 1.75
253 62 15.25
253 52 95
254 253 69.625
254 250 41.125
254 240 78.625
254 217 4
254 159 94.625
254 157 27.375
254 130 67.125
254 120 60.25
254 83 35.25
254 73 40.25
254 66 14.125
254 55 32.375
254 38 13.25
254 35 29
254 31 40.75
255 213 92.25
255 195 79
255 178 28.75
255 173 77.25
255 171 77.625
255 144 99.625
255 143 63.375
255 139 53.25
255 127 60
255 122 9.375
255 66 83.375
255 55 85.625
255 48 0.25
255 39 49.25
255 20 55.625
255 15 93.5
255 1 3
256 253 98.125
256 227 79
256 183 75.75
256 144 77.125
256 142 22.25
256 129 55.75
256 116 54.875
256 100 86.375
256 99 58.375
256 58 10.375
256 4 19.875
