dl
format=edgelist1
n=256
data:
1 131 26.875
1 120 4.75
1 93 13.5
1 87 27.125
1 84 15.125
1 82 92.25
1 80 29.5
1 56 22.75
1 54 62.625
1 28 10.125
1 27 96.875
1 25 98.75
1 24 29.375
2 245 95.25
2 235 44.125
2 229 19.75
2 210 18.875
2 203 59
2 192 66
2 186 27.75
2 169 59.75
2 151 25.5
2 150 95.25
2 149 27.5
2 128 68.375
2 114 28.75
2 112 41.25
2 107 0.5
2 99 65.625
2 87 87.5
2 34 45.75
2 29 54.375
3 248 22.875
3 246 71.5
3 219 51.25
3 199 82
3 191 44
3 180 48.125
3 168 5.25
3 124 66.25
3 122 18.625
3 115 11
3 110 92.125
3 106 92.5
3 98 47.5
3 90 3.75
3 38 83.75
3 22 2.5
3 11 28.375
4 231 56.625
4 230 75.5
4 221 7.5
4 187 51
4 177 81.625
4 167 66.875
4 164 83.375
4 150 46.25
4 124 23.625
4 105 86.625
4 63 1.5
4 55 8.125
4 52 77.5
4 49 23.625
4 37 27.5
4 34 31.875
5 234 99.375
5 233 82.25
5 203 41.25
5 197 87
5 193 81.875
5 189 8.625
5 143 51.25
5 138 84.625
5 123 85.625
5 122 37.5
5 106 80.625
5 87 57.625
5 82 28.375
5 77 51.25
5 44 75.875
5 43 34
5 27 17.625
5 4 72.375
5 2 15.625
6 254 53.25
6 241 14
6 226 11.125
6 202 18.75
6 183 85
6 174 78.125
6 170 99.75
6 159 15.375
6 133 33.625
6 131 35.375
6 121 63.25
6 105 98.125
6 83 90.75
6 69 9.5
6 66 32.125
6 47 76.25
6 41 5.875
6 36 91
6 25 74.25
6 18 37.125
7 250 9.25
7 247 86.375
7 229 10.625
7 227 72.625
7 208 23.875
7 196 14.125
7 190 46.625
7 184 29.375
7 178 94.5
7 149 80.75
7 127 9.5
7 99 3.375
7 54 89.375
7 45 88.625
7 42 74.625
7 27 87.75
8 218 66.25
8 200 41.75
8 119 16.125
8 107 75.75
8 67 2.75
8 63 12.5
8 33 81.625
9 253 8.125
9 239 86.5
9 231 10.125
9 214 95.375
9 168 49
9 159 32.25
9 134 16.25
9 131 62.25
9 118 88.125
9 92 24.5
9 45 82.375
9 43 94.375
9 33 9.25
9 29 93.625
9 24 54.375
9 19 87.875
10 256 65.5
10 222 33.625
10 214 8.5
10 199 80.25
10 169 6.625
10 145 82.125
10 141 93.625
10 140 9.375
10 121 95.5
10 101 14.125
10 79 59.375
10 63 29.75
10 54 54.25
10 33 66.375
10 14 19.75
11 245 67.125
11 227 45.625
11 196 87.125
11 189 60.375
11 185 43.75
11 178 33
11 174 98.375
11 165 27.375
11 149 16.25
11 126 38.5
11 116 34.75
11 91 63.625
11 82 23.5
11 80 87.375
11 79 61.25
11 75 53.75
11 70 13.75
11 54 1.375
11 43 35
11 39 42.875
11 18 84.5
11 14 97.75
12 248 28.5
12 242 81.75
12 241 1.875
12 219 7.125
12 210 71.125
12 205 44.25
12 197 60.875
12 178 90.375
12 175 20.125
12 158 73.125
12 140 88.75
12 139 80.875
12 80 70.375
12 70 86.5
12 69 76.125
12 63 79.25
12 60 42.375
12 48 35.25
12 46 35.625
12 19 99.625
13 212 7.625
13 210 68.25
13 191 77.75
13 184 39.25
13 171 33.625
13 136 97.125
13 126 88.625
13 84 24.25
13 82 60.625
13 77 29.875
13 60 74.5
13 57 63.625
13 26 95.75
14 250 92.625
14 233 92.75
14 183 42.875
14 162 13.5
14 155 32
14 151 68.25
14 136 7.25
14 101 41.25
14 94 25.625
14 92 56.25
14 82 53.875
14 71 75.25
14 67 69.375
14 52 69.25
14 39 76.875
14 36 99.625
14 30 30.125
15 240 28.5
15 216 81.25
15 195 95.25
15 185 17.375
15 182 69
15 150 6.875
15 136 52.75
15 127 76.125
15 116 20.375
15 97 97.5
15 89 99.375
15 74 69.875
15 70 54
15 66 3.375
15 55 48.25
15 27 95.875
16 252 11.625
16 216 48.125
16 213 14.5
16 164 38.125
16 155 60.625
16 145 21.625
16 137 47.375
16 118 78.5
16 110 30.125
16 86 5.625
16 64 85.125
16 41 41.5
16 27 91.875
17 243 49.875
17 236 20.75
17 223 97.125
17 216 49.25
17 204 14.75
17 168 84.375
17 139 51.75
17 86 25
17 64 55.625
17 53 0
17 41 26.625
17 38 15.875
17 28 45.125
17 25 89.125
18 242 56.625
18 226 56.25
18 222 51.375
18 213 93.875
18 155 28.75
18 137 91.125
18 128 36.875
18 90 46.875
18 69 83.875
18 66 96.625
18 49 66.625
18 48 7.125
18 39 56.25
18 38 16.375
18 26 86.25
19 188 12.5
19 132 1.125
19 131 80.75
19 111 78.625
19 105 8.5
19 83 6.25
19 40 1.75
19 39 13.5
19 13 35.875
19 3 39.125
20 256 96
20 255 71.5
20 252 55.875
20 239 47.875
20 214 18.625
20 206 50
20 182 22.125
20 168 79.625
20 125 2.125
20 119 13.875
20 80 85.75
20 70 98.625
20 61 57.5
20 50 53.875
20 2 57.125
21 238 70.75
21 233 32.375
21 201 10.375
21 194 41.75
21 190 30.25
21 155 92.125
21 151 36.75
21 150 13.375
21 96 8.375
21 93 80.25
21 82 56.125
21 65 9.625
21 58 86.375
21 6 48.25
22 193 68.125
22 182 49.625
22 157 10
22 145 28.625
22 137 27.375
22 111 76.875
22 97 53.75
22 73 67
22 63 23.375
22 53 36.25
22 10 95.5
22 7 20.625
23 256 21.25
23 252 23.625
23 244 68.75
23 236 57.25
23 225 52.25
23 222 52
23 205 93.125
23 185 98.875
23 173 51.375
23 167 98.5
23 159 63.375
23 146 10.375
23 138 3.5
23 110 44.25
23 101 82.5
23 88 95.125
23 83 36.875
23 68 20
23 65 4.25
23 63 70.125
23 34 24.5
23 30 73.5
23 24 97.75
23 17 51.125
24 231 48.875
24 226 68.25
24 193 3.375
24 191 7.125
24 166 35.625
24 165 96.25
24 149 46
24 136 68.875
24 110 35.375
24 109 10.25
24 101 31.625
24 98 88.875
24 92 16.625
24 91 20.25
24 76 99.5
24 54 30.875
24 51 39.375
24 47 79
24 42 0.875
24 35 99
24 31 59.75
24 10 68.75
24 6 71.75
25 252 72.75
25 243 42.375
25 236 99.125
25 233 4.875
25 208 16.5
25 176 83
25 157 16
25 143 77.375
25 139 5.875
25 126 67.625
25 112 46.375
25 93 26.375
25 80 1.75
25 32 56.5
25 16 34
25 13 36.375
26 237 91.625
26 221 62.75
26 183 11.25
26 165 79
26 151 86.25
26 149 82.625
26 122 3.625
26 84 26.375
26 78 89
26 60 41.5
26 58 35.75
26 57 26.125
26 49 55.875
26 33 5.75
26 20 85.25
27 253 97.125
27 244 72.625
27 230 49.375
27 226 48.875
27 225 49.5
27 216 62
27 185 67
27 133 41.5
27 104 90.75
27 62 12
27 18 78.125
27 17 83.625
27 10 14
27 8 22.375
28 253 11.125
28 247 56.125
28 234 3
28 232 60
28 206 49.125
28 173 18
28 172 24.125
28 167 12.375
28 161 46.125
28 126 76.5
28 125 9.625
28 85 74.75
28 82 99
28 71 11.875
28 50 13.625
28 49 89.875
28 44 52.125
28 41 56.375
28 24 38.875
28 19 30.375
29 142 23.25
29 129 30
29 98 20.25
29 61 48.875
29 28 49.5
29 24 7.125
29 23 15.5
30 202 51.875
30 168 37.375
30 156 41.75
30 155 55.5
30 124 38.125
30 104 63.375
30 93 56.375
30 71 13.75
30 42 53.125
30 38 55.25
30 16 35.625
30 1 54.25
31 246 2.875
31 226 4.375
31 216 40.625
31 207 14.125
31 198 30.75
31 195 12.875
31 190 58.625
31 188 73.25
31 185 79.875
31 162 85.375
31 146 69.375
31 81 60.75
31 73 20.625
31 68 7.625
31 58 89.375
31 17 49.625
31 15 84.25
32 236 70.75
32 216 28.25
32 197 62.75
32 192 7.625
32 155 51.875
32 150 93.375
32 135 24.5
32 120 4.125
32 113 12
32 108 62.75
32 72 40.375
32 47 70
32 27 68.625
32 9 84.5
33 248 74.625
33 228 3.25
33 216 3.875
33 209 88
33 205 99.25
33 197 49.5
33 193 59.875
33 169 21.625
33 66 11
33 63 6.875
33 47 18.125
33 45 28.375
33 17 89.625
33 9 17.375
33 7 46.625
34 255 52.875
34 245 82.5
34 216 79.75
34 200 75.5
34 178 8.5
34 163 29.875
34 137 16.5
34 101 16.75
34 98 41.625
34 81 38.75
34 45 13.875
34 30 1.125
34 9 2.375
35 234 28.875
35 229 55.75
35 184 67.625
35 183 8.25
35 182 67.875
35 178 48.875
35 177 4.375
35 156 52.875
35 151 28.125
35 142 84.75
35 139 15
35 127 48
35 75 55.625
35 66 4.375
35 45 89.125
35 15 28.25
35 11 61.125
36 246 0.75
36 204 69
36 194 97.75
36 186 45.5
36 148 28.25
36 123 85.125
36 107 31.75
36 101 88.5
36 80 40.875
36 41 23.25
36 38 53
36 28 54
37 205 52
37 202 73.25
37 201 5.75
37 184 29.5
37 104 82.875
37 94 75.25
37 87 80.625
37 41 65.625
37 9 84.5
37 6 45
38 246 99.375
38 229 76.75
38 225 81.5
38 219 55.625
38 218 67.5
38 206 61.625
38 168 30.75
38 164 87.875
38 122 35.25
38 121 87.75
38 116 1.875
38 78 44.375
38 73 90
38 67 18.125
38 62 26.875
38 35 67.375
38 30 49.25
38 26 90.375
38 2 65.875
38 1 39.25
39 249 90
39 220 19.875
39 216 64
39 214 17
39 213 77.75
39 195 17.25
39 189 47
39 164 67.125
39 161 14.875
39 111 85.375
39 100 34.25
39 97 98.25
39 62 5.25
39 59 22.875
39 54 47.125
39 13 40.5
39 10 39.375
40 196 26.25
40 189 30.5
40 186 11.5
40 181 71.5
40 171 8.625
40 130 33.25
40 118 57
40 113 15.25
40 67 46.25
40 56 38.625
40 48 95.25
40 37 21
40 36 6.5
40 25 71.875
40 13 77.25
40 2 3.25
41 252 28.25
41 238 67.5
41 214 78
41 206 83.25
41 189 84
41 153 49
41 120 97.375
41 92 34.125
41 82 98.625
41 64 66.625
41 62 96
41 55 18
41 35 70.625
41 27 16.75
41 20 93.875
41 13 89.125
41 3 72
42 253 5
42 227 96.875
42 201 61.875
42 193 91.875
42 190 61.5
42 183 8.875
42 169 21.875
42 138 91.75
42 125 71.5
42 113 29.375
42 100 55.625
42 66 51.75
42 18 59.625
43 246 96.125
43 233 45.125
43 231 20.125
43 222 41.25
43 208 48.875
43 206 24.875
43 201 75.375
43 180 23.875
43 174 70.75
43 171 59.375
43 161 93.5
43 147 4.375
43 136 21.25
43 126 82.875
43 102 81.75
43 73 39.375
43 71 44.625
43 69 87.25
43 54 80.5
43 45 58.125
43 39 85.875
43 16 37.25
43 1 3.125
44 253 37.75
44 238 96.875
44 218 19.75
44 206 45.75
44 203 75.625
44 191 36.5
44 158 99.125
44 147 75.875
44 127 18.5
44 47 25
44 42 62.25
44 32 27.625
44 31 21
44 16 48.375
45 251 71.25
45 244 98.375
45 240 15
45 222 95.5
45 198 62.5
45 187 93.375
45 177 86.125
45 168 80.75
45 158 5.125
45 125 51.375
45 124 8.625
45 116 79.25
45 112 91.625
45 106 9.875
45 85 68.125
45 68 86.625
45 52 41
45 47 2.75
45 35 73.125
45 24 68.875
45 22 31
45 21 33.75
45 3 39.375
46 238 68.125
46 236 20.25
46 227 13.625
46 225 43.5
46 209 61.875
46 199 70.125
46 198 9.5
46 194 4.5
46 190 29.75
46 153 23.75
46 148 35.125
46 118 18.625
46 114 85
46 93 62.75
46 85 10.625
46 69 67.375
46 53 27.125
46 32 21.75
46 22 51.75
46 4 6.375
47 211 3.5
47 152 11.125
47 143 92.25
47 118 47
47 99 81
47 93 48.875
47 84 46.125
47 68 37
47 65 69.125
47 49 67
47 32 46.375
48 218 94.25
48 215 23.25
48 176 51.25
48 169 53
48 153 76.5
48 150 74.75
48 147 41.75
48 141 26.125
48 132 94.875
48 122 39.875
48 77 62.25
48 52 11.75
48 46 81.875
48 45 76
48 32 47.5
49 242 82.375
49 229 79.875
49 214 20
49 210 48.625
49 200 37
49 195 29.125
49 184 34.875
49 178 35.125
49 175 57.125
49 132 1.25
49 120 64.75
49 100 34.875
49 87 59.625
49 86 11.5
49 53 34
49 42 57
49 17 73.125
49 11 51.25
50 234 1.5
50 217 57.125
50 152 43.125
50 146 92.5
50 144 46.125
50 136 2.75
50 133 54.75
50 119 46.25
50 115 73.625
50 65 50.375
50 42 80.125
50 39 78.5
50 34 31.875
50 11 78.625
50 1 64.25
51 185 20.625
51 177 45.5
51 176 88.875
51 162 37
51 148 1.125
51 126 95
51 110 15.375
51 106 8.375
51 96 7.25
51 92 24.375
51 91 66.625
51 88 10.625
51 82 60.25
51 67 34.875
51 65 65.5
51 37 69.375
51 25 18.625
52 243 80.125
52 234 69.875
52 228 43.375
52 227 51.375
52 221 72.5
52 216 54.25
52 206 17
52 201 95.375
52 165 87.25
52 164 97.5
52 156 72
52 148 99.5
52 145 81.75
52 83 97.75
52 53 5.625
52 30 23.5
52 27 3.625
52 18 30.75
53 240 48.875
53 232 21.375
53 201 52.625
53 192 52.375
53 163 94.5
53 138 44.125
53 135 82.125
53 126 35.125
53 101 99
53 93 76.375
53 68 5
53 54 74.125
53 51 7.5
53 40 88.5
53 8 99.125
53 5 90.375
54 226 19.375
54 224 32.5
54 207 51.875
54 198 86.875
54 179 1.625
54 153 26.25
54 100 91
54 67 55.625
54 66 93.25
54 50 21.25
54 46 24.125
54 45 51.875
55 242 89.625
55 228 86
55 205 99.75
55 191 72.5
55 183 73
55 170 89.5
55 150 69.375
55 149 39.75
55 143 78.375
55 137 64
55 97 84.625
55 86 21.375
55 79 62.25
55 77 26.875
55 49 35.375
55 43 7
55 24 55.5
56 255 4
56 233 92.25
56 201 91.5
56 198 91.75
56 192 72
56 179 86.875
56 164 47.875
56 156 83.875
56 149 31.125
56 141 87.75
56 113 60.625
56 106 93
56 105 22.125
56 67 72.625
56 53 98.5
56 49 31.625
57 170 12.375
57 165 40.875
57 157 96
57 154 65.625
57 149 43.25
57 138 59.875
57 137 77.125
57 136 10.5
57 112 11.75
57 52 28.375
57 14 57.5
57 7 47.375
58 251 25
58 244 19
58 234 34.125
58 214 91.25
58 193 31.125
58 176 82
58 172 97.25
58 78 40.25
58 45 97.375
58 39 25.25
58 23 26
59 251 6
59 245 19.25
59 220 80.875
59 219 20.5
59 214 83.375
59 198 63.875
59 180 7
59 178 27.625
59 174 8.875
59 163 73.375
59 153 79.25
59 144 41.875
59 122 93.625
59 63 32.125
59 61 69.125
59 47 66.75
59 34 63
60 243 63
60 214 26.875
60 209 64.875
60 203 39.125
60 108 45.25
60 65 0
60 31 2.25
60 21 79.625
60 16 17.125
60 14 97.75
60 6 31.625
61 256 89.625
61 243 45.375
61 238 10.625
61 234 98.125
61 220 60.5
61 218 67.875
61 190 31.25
61 187 58
61 132 60.375
61 123 66.25
61 101 41.25
61 91 97.75
61 81 92.875
61 75 70.875
61 64 82.25
61 49 66.375
61 35 89.625
61 32 15.75
61 27 68.125
61 8 55.125
61 4 43
62 256 26.25
62 254 49.125
62 247 49.125
62 241 14
62 229 77.125
62 178 1.5
62 160 45.5
62 137 67.75
62 116 0.5
62 115 54.75
62 76 91.25
62 72 12.125
63 246 56.25
63 233 20.625
63 223 81.375
63 194 91.75
63 189 94.125
63 183 73.875
63 175 0.375
63 173 54.875
63 164 98.75
63 157 79.625
63 153 56.75
63 149 45.5
63 117 63.25
63 61 50.625
63 56 1.5
63 23 1.25
64 208 87.5
64 196 47.25
64 186 30.125
64 177 97.875
64 146 45.25
64 141 8.875
64 128 90
64 113 53.5
64 94 14.875
64 81 65.25
64 46 75.625
65 247 88.125
65 237 44.125
65 233 94.25
65 230 16.125
65 224 60.25
65 216 91.75
65 212 65.75
65 186 40.375
65 179 36.125
65 170 8
65 168 36.125
65 155 69.125
65 144 19.75
65 143 71.75
65 142 25.125
65 138 74
65 137 33.5
65 121 49.25
65 96 50.75
65 81 50.5
65 66 88.125
65 56 11.5
65 48 0
65 22 84
66 242 5.375
66 214 45.375
66 196 69.5
66 152 43.625
66 141 31.375
66 99 50.875
66 98 65.125
66 88 37.25
66 86 4.875
66 58 32.25
66 43 37.25
66 42 96.875
66 32 8
66 28 11.5
67 252 6.875
67 243 19.625
67 241 35.25
67 214 84.375
67 177 63.625
67 176 34.875
67 172 61.375
67 169 62
67 159 0.75
67 157 33.5
67 130 67.125
67 115 5.375
67 111 12.5
67 101 12.25
67 95 98.75
67 94 14.5
67 40 47.75
67 35 55.875
67 30 10.125
67 11 27.875
67 6 12.125
68 247 23
68 244 59.875
68 228 47.5
68 211 7.625
68 204 45.875
68 195 0
68 177 45.25
68 157 50.75
68 150 20.875
68 113 93.25
68 23 56.375
68 13 5.125
68 1 92.875
69 256 98.625
69 224 45.75
69 205 27.75
69 187 97.875
69 166 88.625
69 154 40.75
69 122 80.75
69 120 85.75
69 109 1.375
69 104 99
69 95 95
69 77 62.625
69 70 98.125
69 54 38.875
69 31 16.125
70 242 3
70 216 0.5
70 201 59.875
70 158 92
70 140 77.375
70 126 60.25
70 120 29.375
70 116 5.875
70 86 39.375
70 80 32.25
70 77 73.625
70 40 49.5
70 31 45.625
70 16 24.875
70 6 6.625
71 255 40.125
71 237 10.75
71 228 26.75
71 223 21.25
71 203 67.5
71 163 37.375
71 162 73.5
71 161 66
71 137 37.125
71 130 21.5
71 123 65.75
71 114 97.125
71 111 90
71 77 32.125
71 75 3.125
71 70 5.625
71 52 6.125
71 51 4.125
71 50 29
71 44 31.625
71 34 59
71 28 55.375
72 240 4
72 227 1.125
72 204 65.375
72 184 44.375
72 172 6.25
72 150 81.5
72 145 23.125
72 136 27.75
72 115 91.125
72 108 85.5
72 85 84.5
72 56 24.75
72 36 89.5
72 31 13.75
72 27 83.25
72 25 43
72 19 43
73 233 28.125
73 227 21.5
73 224 14.125
73 220 46.125
73 205 64.875
73 193 18.25
73 188 84.5
73 168 7
73 157 15.125
73 124 45.875
73 109 53.875
73 38 46.875
73 25 66
73 10 13.75
74 245 56.625
74 208 51.125
74 200 81.875
74 191 73.5
74 181 79
74 170 94.125
74 151 73.125
74 143 64.625
74 132 94.875
74 108 34.75
74 102 14.375
74 85 33.875
74 2 75.875
75 252 44.875
75 248 24.5
75 240 7.75
75 234 91.25
75 231 16
75 225 60.375
75 221 21.25
75 212 90.875
75 188 56.5
75 187 12.375
75 185 9.75
75 174 94.375
75 170 39.875
75 168 79.125
75 141 60.625
75 110 66.875
75 106 81.125
75 65 23.375
75 45 5.125
75 31 82.375
75 21 63
76 254 60.625
76 239 65
76 223 38.125
76 222 60.75
76 207 78.25
76 193 56.75
76 166 27.75
76 123 7.25
76 114 92.375
76 103 0.375
76 88 64.875
76 69 36.375
76 54 10.875
76 49 71.75
76 35 65.25
76 25 10.5
76 11 8.875
76 9 1
77 222 34.25
77 221 19.875
77 220 19.5
77 205 48
77 187 5.75
77 172 32.625
77 171 48.875
77 150 88.25
77 117 14.375
77 76 34.875
77 73 77.25
77 71 4.25
77 62 59.25
77 60 82.625
77 58 87.25
77 47 73
77 43 96.75
77 33 95.375
77 23 36.5
77 16 35.75
77 10 53.5
77 7 26.375
78 222 94.125
78 146 71.375
78 132 16
78 115 8.5
78 57 13.625
78 53 1.25
78 48 17.25
78 46 38.25
78 37 53.25
78 20 78.875
78 12 65.125
79 229 64.625
79 218 53.5
79 209 67.375
79 203 49.875
79 160 20.875
79 141 27.875
79 120 75.5
79 90 29.875
79 88 63.375
79 60 66.375
79 36 88.875
79 28 92.875
79 21 14
79 1 2.75
80 231 65.75
80 220 65.125
80 200 65.125
80 193 18.625
80 179 66.625
80 145 46.625
80 113 83.875
80 111 1
80 110 13.25
80 107 97.375
80 106 58.875
80 97 68.875
80 88 82.75
80 75 89.125
80 74 10.625
80 68 29.125
80 44 84.625
81 256 83
81 213 20.875
81 180 16.5
81 134 52.5
81 126 8.625
81 120 83.375
81 100 86.5
81 96 40.25
81 92 16.75
81 90 39.625
81 89 70.375
81 63 77
81 22 60.625
81 19 78.75
82 232 7.875
82 221 57.25
82 197 20
82 194 88.5
82 192 31.5
82 184 73.875
82 182 50.5
82 168 26.75
82 164 87.25
82 157 23.25
82 147 56.5
82 127 4.625
82 117 70.25
82 116 53.375
82 103 16
82 99 84
82 97 35.25
82 69 48.625
82 30 55.75
82 25 98.75
82 5 95.25
83 244 69.5
83 206 60.5
83 162 80.125
83 119 61.125
83 118 10.5
83 101 99.125
83 87 72.75
83 84 62.875
83 58 79.25
83 42 90.5
83 31 64.25
83 22 80.875
84 251 43.25
84 244 77
84 202 75
84 198 74.25
84 196 97.5
84 169 76.75
84 167 89
84 156 18.75
84 141 87.75
84 137 89.875
84 118 26.5
84 110 29.5
84 104 21.75
84 8 64.75
85 256 28.5
85 238 58.375
85 235 40
85 209 2.75
85 172 98.375
85 164 59.25
85 144 68.75
85 142 28.25
85 128 94.125
85 124 43.5
85 117 40.375
85 101 74.25
85 100 25.375
85 83 74
85 76 1.5
85 70 75
85 65 27.75
85 47 55.75
86 248 35
86 239 98.625
86 211 45.375
86 190 46.375
86 165 18.75
86 149 28.625
86 110 56
86 94 67.375
86 85 14.125
86 77 81
86 60 54.75
86 37 60.375
86 23 7.25
86 10 66.875
87 230 24.5
87 228 66.75
87 224 7.625
87 209 21.125
87 192 70
87 151 78.375
87 146 62.875
87 143 79.375
87 140 99.5
87 138 28.125
87 126 60.125
87 112 71.375
87 90 89
87 74 38.375
87 66 48
87 54 3.5
87 51 20.875
87 42 71.375
87 34 95.5
87 11 25
87 8 50.25
88 245 58.5
88 238 38.125
88 178 81.5
88 164 95.25
88 154 43.875
88 149 62.875
88 131 79.5
88 107 61.625
88 87 82.625
88 68 28.5
88 52 37.625
88 43 28.75
88 41 38.625
88 18 78.75
88 15 90.125
89 251 71.25
89 250 95.625
89 249 64.125
89 223 71.75
89 184 58.75
89 174 84.375
89 167 94.5
89 164 68.5
89 147 36.625
89 129 46.75
89 110 4.5
89 93 4.25
89 86 25.625
89 82 27.5
89 33 92
90 225 6.875
90 206 85
90 159 84.625
90 156 12
90 150 84.875
90 117 38.25
90 112 3.125
90 70 79.25
90 56 95.375
90 54 99.25
90 42 44.75
90 28 96.125
90 14 29.625
91 244 69.125
91 240 1.875
91 226 51.5
91 191 91.625
91 190 64.125
91 182 51.375
91 177 56.75
91 172 57.375
91 171 57.625
91 154 24.75
91 145 12.25
91 110 32.375
91 53 6.5
91 46 72.625
91 3 42.5
92 256 82
92 248 22.75
92 240 34.5
92 212 84.25
92 193 49.125
92 150 26.875
92 133 48.375
92 120 24
92 119 39.25
92 110 51.75
92 101 47.125
92 98 91.5
92 87 32.25
92 83 0.625
92 74 58.625
92 46 89.75
92 40 59.75
92 39 64.125
92 10 93.125
92 7 29
93 252 21.125
93 243 35.5
93 210 72.375
93 205 16.375
93 185 28.125
93 162 15.75
93 151 68.5
93 145 77.125
93 132 2.875
93 130 47.25
93 126 76
93 120 40.5
93 117 72.25
93 110 29.375
93 98 97.875
93 85 47.125
93 59 47
93 43 0
94 225 59.75
94 215 54.125
94 210 52.75
94 166 35
94 157 8.25
94 144 57.5
94 136 75.625
94 124 8.5
94 77 37.75
94 46 70.125
94 17 84.5
94 3 24
95 238 14.25
95 215 57.5
95 202 60.75
95 199 18.375
95 196 39.5
95 187 22.625
95 179 91.75
95 176 68.625
95 157 40.875
95 156 31
95 129 12.625
95 122 95.375
95 114 54.625
95 112 6.625
95 103 18.625
95 94 90.25
95 93 81.5
95 87 47.875
95 82 71.125
95 43 20.625
95 8 35
96 238 80.125
96 234 74.875
96 203 64.625
96 199 56
96 196 38.625
96 191 97.375
96 180 77.125
96 179 56.625
96 144 45.125
96 140 35.5
96 134 90.25
96 103 79.25
96 86 29.625
96 77 18.125
96 72 18.25
96 40 54.25
96 26 77.125
96 7 52.125
97 213 74.25
97 208 57.875
97 205 5
97 178 93.375
97 149 38.25
97 113 23.375
97 73 63.375
97 53 65.875
97 50 29.375
97 43 55.5
97 21 27.875
97 15 44.625
97 14 13.125
97 11 0.25
97 9 20
98 233 90.875
98 230 36
98 198 16.375
98 192 24.5
98 185 64.875
98 180 36.375
98 143 78
98 124 26
98 111 27.75
98 81 9
98 72 79
98 68 64.125
98 61 71.5
98 41 0.5
98 22 10.625
98 18 44.625
99 229 12
99 223 49.125
99 162 42.625
99 160 72.375
99 158 57.125
99 142 28
99 132 15.25
99 98 79.125
99 89 13.25
99 65 75.875
99 22 85.625
100 232 29.5
100 225 86.125
100 152 32.5
100 151 23.375
100 146 49.375
100 143 88.875
100 138 56.25
100 135 28.875
100 134 61.75
100 90 33.875
100 88 10.375
100 61 23.375
100 48 61.25
100 40 26.125
100 29 26.75
100 17 56.125
100 14 0.75
101 256 1.625
101 248 34.625
101 243 4.375
101 242 93.5
101 215 54.875
101 202 37.375
101 188 71.5
101 187 39.25
101 142 45.875
101 130 29.75
101 125 92.625
101 90 30
101 61 33.875
101 44 15.5
102 245 7.375
102 239 6.875
102 187 94
102 183 41.375
102 177 82.75
102 164 77
102 157 78.75
102 154 64.125
102 148 71.875
102 119 0.375
102 89 24.25
102 75 78.625
102 54 79.875
102 44 21.625
102 31 21.125
102 22 90.5
102 17 42
103 256 1.125
103 238 47.75
103 222 41.5
103 193 7.875
103 190 31.375
103 178 86
103 149 31.875
103 135 66.75
103 124 13
103 91 2.125
103 90 9.625
103 79 13.5
103 59 74.75
103 54 39.125
103 45 96.25
103 37 85.375
103 31 41.125
103 12 71.375
103 1 39
104 256 36.375
104 252 73.375
104 242 55
104 241 21.625
104 239 11.25
104 212 10.25
104 170 90.875
104 158 38.375
104 145 83.125
104 114 73.875
104 64 84.875
104 60 13.5
104 19 47.875
104 16 30
104 11 71.75
105 255 8.625
105 243 73.125
105 214 14.25
105 195 60.625
105 172 31.75
105 157 84.375
105 155 47.5
105 148 52.375
105 143 99.625
105 135 59
105 131 36.75
105 109 3.75
105 93 12
105 74 19.375
105 69 17.625
105 61 8.875
105 23 36.5
105 15 74
105 14 10
105 1 65.375
106 249 90.5
106 242 23.375
106 231 32.25
106 197 47.25
106 182 29.25
106 134 37.375
106 126 60.875
106 95 25.25
106 75 20.75
106 54 93.375
106 50 99.875
106 41 79.375
106 31 59.875
106 26 17
106 8 24.875
107 252 53.375
107 235 87.125
107 231 79.375
107 210 33.75
107 186 15.25
107 182 9.75
107 146 98.5
107 145 72.875
107 99 47
107 55 33.25
107 42 49.875
107 18 79.375
108 244 84.875
108 243 42.25
108 234 48.625
108 226 38.125
108 211 26.25
108 210 70.5
108 209 58.625
108 204 7.625
108 176 39.5
108 175 93.25
108 169 46.375
108 114 38.375
108 85 70
108 81 96.125
108 45 66.125
108 38 20
108 37 99.125
108 33 12.75
108 32 44.5
108 20 34.25
108 17 25.625
109 246 17.125
109 242 50.625
109 226 82.25
109 216 64.625
109 209 76.5
109 160 40.625
109 108 15.25
109 103 7.375
109 66 65.5
109 64 68.375
109 63 79.625
109 60 19.875
109 28 30.875
110 237 7.75
110 218 27.125
110 208 6.875
110 201 0.25
110 155 55
110 153 81.5
110 152 70.875
110 147 71.375
110 128 73.375
110 15 7.375
111 253 1.25
111 211 76.625
111 170 59.5
111 146 23
111 102 66.75
111 97 13.75
111 89 40.625
111 20 1.875
112 230 53.5
112 163 47.75
112 143 20.125
112 130 43.625
112 126 70
112 74 43
112 68 32.625
112 58 21.625
112 15 53.125
113 256 70.5
113 254 52.25
113 227 18.25
113 224 65
113 217 56.75
113 149 17.125
113 126 7.5
113 125 3.5
113 122 32.625
113 104 98.625
113 100 4
113 68 1.125
113 30 71.625
113 28 88.5
113 17 66.875
113 10 17
113 3 83
113 2 42.5
113 1 50.5
114 256 56.5
114 231 28.25
114 226 9.875
114 224 17.5
114 220 24.25
114 198 92.25
114 196 45.25
114 165 31.75
114 156 3.75
114 145 17.125
114 121 21
114 107 83.5
114 105 9.625
114 104 94.875
114 102 51
114 88 41.5
114 85 82.75
114 82 73.875
114 78 43.75
114 44 60.25
114 33 86.5
114 1 20.125
115 214 81.25
115 210 65.875
115 206 67.125
115 194 26.5
115 184 23.375
115 132 69
115 71 30.75
115 65 3.25
115 28 21.5
115 21 93.75
116 247 86.875
116 241 56.5
116 233 64.375
116 217 0
116 168 12.875
116 150 26.125
116 148 11.25
116 132 6.75
116 122 14.75
116 114 51
116 83 88.625
116 78 64
116 13 18.5
117 232 50.25
117 200 16
117 195 48.375
117 177 30.5
117 168 65.25
117 108 78.125
117 98 80.625
117 64 31.875
117 46 35
117 39 30.875
117 6 89.375
118 249 7.125
118 227 48
118 223 81.625
118 207 9.5
118 204 34.375
118 202 52
118 175 82.25
118 174 79.5
118 143 24.5
118 136 64
118 135 11.625
118 133 50
118 130 91.25
118 116 24.25
118 107 61.5
118 100 33.375
118 98 30.625
118 71 2.625
118 69 84.875
118 68 71
118 43 17.75
118 23 73.375
118 18 87.375
119 252 9
119 242 19.375
119 227 92.375
119 202 42.375
119 144 83.875
119 132 29.375
119 99 89.25
119 90 27.375
119 78 55.75
119 48 39.125
119 45 11.625
119 38 11.875
119 28 58.625
119 19 32.625
119 9 71
120 246 47
120 197 69.25
120 178 9
120 172 75.875
120 160 75.625
120 159 72.625
120 156 84.75
120 72 66.875
120 51 79.5
120 18 58.375
121 252 15.75
121 249 57.5
121 234 22.75
121 233 0.25
121 204 42.125
121 192 57.75
121 157 81.5
121 112 16.5
121 98 89.875
121 93 78.25
121 83 53
121 71 13.5
121 31 90.5
121 20 43.5
121 9 12.625
121 5 2.25
122 253 44.875
122 198 79.75
122 192 83
122 182 18.75
122 180 11.125
122 178 39.25
122 169 62.75
122 152 71.75
122 142 97.25
122 128 1.75
122 125 35.625
122 95 74
122 91 38.625
122 33 77.125
122 27 11
122 15 31.25
123 255 4.25
123 253 18.875
123 236 80.125
123 235 23.75
123 228 85.375
123 218 32.625
123 195 52.25
123 175 38.375
123 153 31.375
123 135 93.625
123 118 99.875
123 110 89.625
123 85 59.125
123 80 60.125
123 37 3.875
124 254 99.625
124 230 18.75
124 207 1.125
124 205 24
124 189 86.25
124 187 39.25
124 180 77
124 165 11.75
124 152 19
124 143 40
124 141 83.25
124 128 17.25
124 122 93.375
124 117 24.375
124 109 76.75
124 96 18.25
124 85 23
124 79 58.625
124 51 67.375
124 44 70.75
124 10 78.75
125 221 86.125
125 196 3.875
125 165 64.375
125 156 41
125 96 48.375
125 87 77.5
125 83 21.875
125 59 45.25
125 41 20.375
125 18 67.125
125 17 29.75
125 2 70
126 256 93.125
126 247 4.875
126 199 6.375
126 191 52.125
126 181 71.75
126 173 44.625
126 164 19
126 100 59.375
126 39 34.375
126 34 73.75
126 26 69
126 24 69.625
126 20 50.875
126 15 62.75
126 12 58.625
127 238 52.375
127 201 58.5
127 200 63
127 196 55.75
127 192 61.375
127 182 9.875
127 181 26.75
127 155 68.25
127 144 72.5
127 140 18.75
127 132 90.625
127 117 37.875
127 81 49
127 80 62.125
127 53 79.875
127 50 47.875
127 29 16.25
128 247 77.375
128 244 15.5
128 230 39
128 201 72.5
128 194 76
128 136 38.625
128 117 3.5
128 91 84.125
128 89 98.75
128 84 81.75
128 63 85.25
128 54 44.125
128 53 32.875
128 35 92.875
128 7 74
129 223 59.875
129 198 39.125
129 189 37.5
129 178 28.375
129 172 23.875
129 144 54.125
129 131 8.25
129 128 80
129 117 18.875
129 114 95.75
129 97 61
129 84 21.25
129 75 45.25
129 54 87.25
129 40 5.5
129 31 83.5
129 23 45.75
129 16 74.625
130 250 96.875
130 240 0.25
130 232 38.25
130 226 26
130 220 68.125
130 172 0.5
130 170 39.75
130 143 60.625
130 132 36.625
130 131 93.75
130 128 89.5
130 122 10.75
130 102 4.125
130 87 23.125
130 67 74.25
130 50 92.5
130 40 92
130 6 59.25
130 2 55.75
131 249 23.625
131 247 56.625
131 246 28.5
131 232 31.75
131 222 67
131 176 9.375
131 170 29.5
131 167 88.125
131 149 33.5
131 140 49.625
131 117 22.5
131 106 30.25
131 86 71.625
131 76 67.75
131 46 65.75
131 23 96.5
132 246 85.875
132 244 2.375
132 231 61.625
132 217 48.625
132 209 59.125
132 178 21.375
132 162 58
132 161 69.5
132 146 27.125
132 128 18.25
132 123 85.75
132 97 36.75
132 63 19.375
132 52 54.375
132 39 90
132 13 70.875
133 232 60.625
133 230 77.5
133 204 67
133 193 63.625
133 191 38.625
133 181 1.875
133 173 96.625
133 169 49.875
133 167 24.875
133 162 43.875
133 141 24.875
133 135 21.125
133 127 58.625
133 93 78.25
133 87 76
133 86 89.25
133 78 39.125
133 54 57.875
133 53 6.375
133 44 32.25
133 28 51.375
133 10 25.625
133 2 57.375
134 218 57.125
134 217 20.5
134 215 36.375
134 195 81.25
134 189 84
134 179 43.125
134 151 53.875
134 140 82.375
134 127 11.875
134 118 8.75
134 110 71.75
134 99 49.875
134 89 14.25
134 81 9.75
134 66 11.75
134 65 18.5
134 59 18.125
134 42 25
134 24 62.75
134 22 1.5
134 18 36.5
135 243 37.125
135 242 50.5
135 236 7.5
135 203 31.625
135 197 18.75
135 193 15.875
135 188 37.125
135 156 81.75
135 131 62.625
135 122 68.125
135 101 89.625
135 94 2.875
135 39 52.125
135 24 98.75
135 19 99.75
136 248 2.5
136 229 76.125
136 228 80
136 206 87.875
136 162 14.25
136 159 84
136 154 74.125
136 144 84.5
136 123 28.25
136 103 56.875
136 77 17.75
136 73 57.625
136 71 8.375
136 58 98.875
136 44 17.75
136 35 15.75
136 32 35.625
136 28 72.875
136 27 36.125
136 24 61.75
137 247 40.5
137 246 33.25
137 241 48.125
137 239 80.875
137 237 56
137 213 67.125
137 211 24.875
137 201 89
137 185 42.25
137 179 22.125
137 139 84
137 126 96
137 125 62.75
137 51 15.375
137 35 15.625
137 24 89.75
137 20 42
138 236 26.25
138 200 43.5
138 188 16.75
138 176 25.125
138 168 73
138 110 75.625
138 95 87.5
138 92 13.125
138 87 18.125
138 82 67.875
138 63 70.375
138 60 42.875
138 56 75.25
138 52 52.625
138 33 79.625
138 19 41.625
138 14 59.875
139 256 19.625
139 241 35.875
139 210 17.25
139 202 66.25
139 180 66
139 149 9.25
139 140 98.25
139 133 56.875
139 119 72.375
139 98 97.625
139 96 59.5
139 80 88.625
139 65 45.375
139 44 84.375
139 41 97.25
139 33 98.75
139 5 3.875
140 239 43.25
140 220 31
140 211 26
140 206 45.875
140 205 25.5
140 170 26.875
140 122 71.875
140 106 75.25
140 95 73.875
140 71 60.625
140 68 2
140 66 98.375
140 52 52.125
140 20 28.75
141 247 31.25
141 245 95.5
141 233 54.375
141 215 86
141 213 16.375
141 206 40.375
141 202 57.625
141 197 96.75
141 189 69.5
141 132 54.375
141 112 77.375
141 93 11.5
141 80 52.75
141 66 31.625
141 65 77
141 48 86
141 1 4.75
142 254 86.5
142 245 87.875
142 235 74
142 210 12.625
142 204 47.5
142 179 75.5
142 168 65.5
142 129 28.875
142 118 49.875
142 89 44
142 77 80
142 73 12
142 71 30
142 59 21.875
142 56 0
142 54 8.875
142 30 71.125
142 28 91.125
142 22 11.375
142 18 61.5
142 11 41.5
142 4 80
143 247 34.25
143 243 5.375
143 196 47.625
143 181 66.125
143 133 53.875
143 91 91.375
143 58 82.375
143 34 28.875
144 251 10.875
144 226 21
144 213 47.375
144 208 53
144 204 34.375
144 195 11.375
144 194 15
144 180 80.125
144 143 81.375
144 142 56.875
144 141 34.5
144 128 66.75
144 122 28.125
144 113 35.125
144 90 18.125
144 89 69.375
144 76 26.875
144 72 69.25
144 58 59.25
144 32 85.375
144 27 69.125
144 24 74.125
144 10 87.875
144 7 66.5
145 255 13.75
145 254 80.75
145 238 11.125
145 230 37.125
145 218 16.875
145 179 94.75
145 176 97
145 170 77.625
145 143 35.75
145 130 83.375
145 126 18.5
145 109 66
145 48 63
145 26 3.25
145 21 26.125
146 256 39.625
146 244 8.625
146 232 96.125
146 224 93.25
146 222 73
146 219 17.25
146 211 50.125
146 197 20.25
146 187 72.875
146 179 65.75
146 177 94.75
146 150 71
146 143 67
146 126 69.75
146 125 50.75
146 113 51.125
146 90 65
146 84 40
146 73 5
146 64 38
146 46 80.25
146 37 53.875
146 1 50.875
147 254 85.875
147 252 79.375
147 250 87.125
147 223 92.25
147 220 50.75
147 217 74.625
147 176 14.375
147 166 91.375
147 126 46.5
147 124 88.125
147 122 10.875
147 121 22.75
147 115 41.375
147 112 28.125
147 101 58.375
147 99 77.125
147 85 78.5
147 73 81.25
147 69 9.75
147 66 42.875
148 251 40.875
148 246 62.75
148 205 88.875
148 201 8.375
148 198 13.375
148 189 5.25
148 183 78.5
148 173 73.125
148 169 40.5
148 149 3.875
148 132 22.875
148 73 56.5
148 27 97.875
148 21 19
148 15 40.125
148 10 0.25
149 254 99.75
149 250 29.5
149 243 72.125
149 240 21.75
149 234 77.75
149 232 96.375
149 231 60.25
149 208 81.75
149 207 81.375
149 134 6.625
149 133 70.625
149 89 90.125
149 74 14.75
149 65 37.875
149 63 82.5
149 45 51.5
149 37 55.25
149 28 25.625
150 252 10.625
150 246 58.25
150 244 8.5
150 239 29.125
150 237 44.375
150 219 49.625
150 201 42.875
150 196 86.125
150 195 43.25
150 162 81.125
150 148 94.375
150 112 3.125
150 83 8.25
150 76 24.125
150 72 79.125
150 36 47.875
150 22 7.125
150 17 51.875
150 10 31.25
151 241 35.25
151 232 43.25
151 219 63
151 204 46.25
151 195 91.125
151 176 60.5
151 155 9.25
151 133 76.25
151 84 12
151 55 27
151 50 90.25
151 45 79.125
151 32 98.25
151 29 42.625
151 28 56.25
152 255 80.25
152 201 67.125
152 193 43.25
152 161 12.5
152 127 89.375
152 125 23.625
152 110 17
152 99 65.75
152 77 5.125
152 66 41.125
153 254 3.5
153 248 4.25
153 240 86.75
153 161 59.875
153 150 23.125
153 146 85
153 142 71.375
153 130 94.875
153 127 28.75
153 119 14.75
153 109 13.25
153 108 25.875
153 94 98.875
153 91 48.25
153 90 19.625
153 85 35.625
153 73 50.625
153 57 94.125
153 51 14.25
153 32 25.625
153 12 1.5
153 11 71
154 224 39.875
154 215 36.625
154 205 87.625
154 202 29.25
154 182 29.75
154 181 13.75
154 171 83.25
154 168 52.375
154 133 54.5
154 117 27.125
154 104 59.125
154 58 46.25
154 15 85.375
154 2 62.75
155 250 54.375
155 243 31.375
155 225 56.875
155 218 42.75
155 186 95.125
155 180 34.75
155 176 24
155 167 92.75
155 132 32.5
155 120 10.125
155 114 64.5
155 73 81.75
155 65 9.375
155 56 5
155 52 51.875
155 38 26.25
155 36 19.25
155 32 55
155 9 55.875
156 224 25
156 169 46.875
156 155 39.125
156 147 42.875
156 140 41
156 128 33.25
156 125 23.375
156 117 2
156 106 93.625
156 83 67.625
156 74 20.5
156 71 26
156 47 39.375
156 30 5.5
156 27 43.875
156 8 64.5
156 7 54.75
157 235 75.125
157 234 19.125
157 202 7
157 154 27.375
157 148 40.125
157 145 45.125
157 103 63.75
157 89 87.375
157 69 78.25
157 67 95.75
157 22 23.5
157 8 48
157 3 19.375
158 232 78.625
158 216 86.5
158 200 66.125
158 156 70
158 153 25.875
158 149 81.125
158 124 75.125
158 114 46.5
158 106 12.375
158 76 94.875
158 73 22.25
158 72 74.125
158 40 29.375
158 20 11.375
158 19 24
158 16 27.875
158 2 13.125
159 242 18.375
159 233 52.375
159 229 0
159 223 64.625
159 221 47.625
159 199 55
159 190 61.375
159 188 90.125
159 161 71.125
159 160 28.25
159 143 76.625
159 140 85
159 115 50.625
159 73 79.375
159 54 59.875
159 48 51.625
159 44 88.625
159 40 73.625
159 36 60.75
159 30 97.625
159 1 58.5
160 245 51
160 220 8.375
160 215 36
160 198 89.5
160 188 34.375
160 177 52.5
160 157 84.125
160 123 79
160 114 27.75
160 79 96.375
160 51 54
160 22 60.5
160 12 75.25
161 236 35.625
161 234 9.625
161 225 1.125
161 224 49.25
161 223 55
161 220 96.5
161 188 94.75
161 179 90.375
161 172 28.25
161 169 86
161 154 36.625
161 144 0.5
161 140 35.375
161 134 12.625
161 94 57.125
161 93 61.25
161 88 91.125
161 40 23.625
161 24 27.25
161 18 4
161 16 53
162 233 89.375
162 221 2
162 215 34.125
162 204 5.25
162 202 7.875
162 199 20.75
162 176 97.25
162 166 46.25
162 152 83.5
162 119 37
162 105 92.75
162 104 22.625
162 89 54.5
162 72 83
162 70 91.5
162 66 36.5
162 60 68.125
162 45 91.5
162 41 93.375
163 247 99.875
163 224 46.375
163 217 29.25
163 208 53.5
163 174 33.75
163 118 43
163 109 64.5
163 108 71.875
163 106 72
163 102 38.625
163 101 84.875
163 91 37
163 82 99.75
163 74 90
163 41 41.375
164 216 98.25
164 208 58.5
164 203 23.625
164 185 4.625
164 182 34.25
164 168 11.625
164 158 79.875
164 156 23
164 129 56.75
164 126 64.125
164 111 61.875
164 92 19.25
164 74 26.625
164 52 72.875
164 26 4.375
164 19 50.25
164 17 50.375
164 15 12.125
165 245 43.125
165 213 61.25
165 207 65.5
165 203 7.25
165 201 47.375
165 185 71.5
165 159 75.25
165 157 58.875
165 150 92.375
165 141 80.125
165 138 38.5
165 133 16.375
165 100 70.625
165 97 16
165 87 27.875
165 81 37.125
165 51 47.25
165 34 46.625
165 29 87.5
165 27 85
165 8 73.75
166 250 64.125
166 247 62.125
166 246 62.875
166 243 92.125
166 227 99.125
166 226 62.75
166 187 72.375
166 186 63.375
166 140 40.375
166 114 2.5
166 70 65.875
166 66 85.5
166 50 44.5
166 29 55.625
166 26 8.25
166 20 8.125
166 10 37.125
166 6 77.5
166 4 58
166 1 30.5
167 256 64.375
167 254 99.75
167 231 83.5
167 224 21
167 220 71.25
167 219 79.625
167 205 31.625
167 201 33.25
167 189 39.875
167 179 9
167 166 14.125
167 109 53.5
167 108 90.125
167 71 57.5
167 63 86.5
167 47 50.5
167 15 88.5
167 6 96.625
168 237 14.75
168 229 90.625
168 222 84.125
168 213 50
168 187 80.5
168 176 0.875
168 175 39.875
168 165 39.375
168 117 1.25
168 114 20.125
168 99 27.5
168 77 20.25
168 56 22.375
168 24 49
168 21 42.375
168 18 54.25
169 252 70.625
169 199 99.875
169 181 1.25
169 160 17.625
169 136 42.125
169 131 66.25
169 122 13
169 119 98.25
169 102 46.375
169 100 96.5
169 84 6.75
169 74 49.75
169 65 36.875
169 4 11.75
170 243 25.25
170 234 74.125
170 231 67.5
170 229 43.875
170 221 74.875
170 203 23.5
170 188 72.875
170 184 41.125
170 174 8.625
170 164 96.5
170 161 51.375
170 157 29
170 148 58.625
170 139 50.25
170 104 41.5
170 90 2.125
170 80 17.875
170 55 21.75
170 45 47.625
170 34 47.25
170 23 89.5
170 22 83.5
170 1 6.625
171 243 90.5
171 219 8.125
171 215 70.625
171 207 94.5
171 174 60
171 167 77.5
171 152 82.875
171 149 78.75
171 124 44.75
171 109 75.125
171 97 40.75
171 73 64.75
171 49 68.125
171 32 74.5
172 235 49.875
172 233 22.5
172 216 8
172 207 27.25
172 202 7.625
172 142 4.5
172 130 73.375
172 128 11.75
172 108 41.125
172 102 61.5
172 89 72.5
172 86 0.25
172 80 95.125
172 70 18.625
172 27 13.625
172 10 13.5
172 5 91.625
173 220 0.75
173 203 6.5
173 164 6.125
173 145 39.625
173 144 22.75
173 131 25.375
173 114 58.875
173 94 75.75
173 76 94.375
173 60 82.25
173 9 52.375
173 4 42
173 1 17
174 209 27.75
174 205 97.75
174 201 21
174 171 60.5
174 168 76.875
174 155 44.375
174 133 23.375
174 102 43.625
174 89 70.5
174 85 33.5
174 82 88.375
174 56 3.5
174 51 61.875
174 41 29
174 1 26.5
175 255 99.375
175 234 86.75
175 196 86.125
175 178 3.125
175 174 41.875
175 157 53.625
175 139 6
175 118 2.75
175 32 74.875
175 29 48.625
175 20 41.625
175 1 37.125
176 247 43.375
176 215 40.125
176 200 70.75
176 159 77.5
176 156 87.5
176 146 31.5
176 126 7.625
176 106 72.25
176 75 79.25
176 32 90.75
176 31 88.375
176 18 87.75
176 8 56.875
177 238 57.25
177 233 13.25
177 227 99.375
177 217 1.125
177 183 39.375
177 175 84.375
177 166 56.75
177 165 86.375
177 164 19
177 160 46.875
177 151 50.5
177 134 2.875
177 126 7
177 123 33.875
177 108 65.125
177 91 65.125
177 83 54.75
177 71 91.5
177 62 37.5
177 56 12.75
177 38 12.375
177 1 41.125
178 256 67.25
178 212 80.875
178 211 94.875
178 206 29.75
178 199 18.25
178 197 23.375
178 183 90.25
178 170 94.875
178 160 4
178 156 86.625
178 149 65.5
178 142 53.625
178 135 3.375
178 122 78.375
178 87 6.375
178 77 27.25
178 76 20.125
178 68 27.875
178 64 65.375
178 35 29.25
178 32 61.5
178 29 2.875
178 20 80.5
179 254 18
179 230 20.5
179 218 38.375
179 209 89.75
179 203 69.375
179 196 22.125
179 154 45.875
179 143 46.125
179 131 57.875
179 53 39.625
179 48 61.5
179 37 30.875
179 29 23.5
180 256 37.75
180 244 57.375
180 243 35.5
180 214 70.125
180 211 73.5
180 192 64.375
180 161 49.375
180 145 63.875
180 127 6.375
180 111 78.625
180 96 16.125
180 56 54.75
180 18 47.875
180 13 53.125
181 252 25
181 231 54.5
181 188 4.75
181 179 81.5
181 175 22.75
181 169 12.375
181 150 31.625
181 141 49.875
181 135 68.875
181 131 77.875
181 120 13.125
181 91 28
181 82 20.625
181 81 48.5
181 79 58
181 78 84
181 53 90.5
181 52 37.875
181 37 79.25
181 24 25.5
182 255 94
182 218 67.75
182 189 8.5
182 137 73.25
182 74 41.75
182 57 80.125
182 45 46.125
182 43 74.25
182 16 71.75
182 11 39.625
183 207 84.625
183 191 37.625
183 168 80.625
183 167 68.375
183 156 95.125
183 140 47.625
183 120 89.125
183 116 16.125
183 113 1.25
183 106 15.75
183 92 34.125
183 89 47.75
183 65 95.75
183 63 13.75
183 42 0.625
183 37 81.875
183 6 64
184 251 50.75
184 249 37.75
184 244 10.25
184 225 98.625
184 224 12.875
184 186 54.75
184 175 67.25
184 169 20.375
184 162 4.5
184 155 14.125
184 149 59.5
184 109 69.875
184 58 40.125
184 15 4.375
184 5 65.375
185 236 69
185 228 12.125
185 222 57.375
185 220 72
185 201 18.125
185 194 85.25
185 176 15.875
185 140 25.25
185 134 30.125
185 121 90.75
185 98 14.25
185 96 46.125
185 87 20.875
185 86 86.125
185 73 6.25
185 72 68.125
185 50 1.25
185 3 78.125
185 2 73.125
186 231 25.125
186 228 94
186 223 72
186 214 91.375
186 196 46.375
186 179 76.875
186 172 53.875
186 117 65.75
186 116 64.75
186 111 39.5
186 88 88.25
186 83 0.125
186 69 87.625
186 68 96.25
186 28 75.125
186 26 90.75
186 14 16.875
187 247 9
187 222 94.75
187 196 26.125
187 172 6
187 146 92.5
187 141 54.875
187 140 22.875
187 89 83.125
187 83 76.25
187 69 15.375
187 49 82
187 45 36
187 40 82.875
187 39 1.75
187 37 26.125
187 35 95.875
187 11 75.625
188 226 74.125
188 173 23
188 152 67.375
188 149 21.625
188 138 70.625
188 86 38.375
188 80 80.25
188 76 34
188 38 93.5
188 20 90
188 5 68.875
188 2 47.75
188 1 64.5
189 246 95
189 245 90.75
189 204 96.25
189 197 36.5
189 194 53.625
189 174 0.75
189 156 5.875
189 141 16.25
189 110 23.375
189 101 20
189 97 15.125
189 89 83.125
189 18 7.375
189 9 87
190 243 97
190 238 73.5
190 229 59
190 219 79.5
190 206 69.625
190 179 88.875
190 171 43.875
190 168 57.875
190 166 1.125
190 138 66.625
190 128 48.875
190 117 61.125
190 115 84.625
190 88 76.375
190 76 32
190 32 66.5
190 30 25.625
190 27 59.125
190 9 14
191 245 9.125
191 236 56.125
191 235 50.125
191 212 4.25
191 189 73.5
191 188 5
191 169 99
191 163 26.875
191 159 57.625
191 118 31.75
191 96 56
191 95 64.375
191 88 69.25
191 76 19.875
192 248 89.625
192 225 89.375
192 223 13.75
192 206 84.375
192 197 75.5
192 149 98.75
192 135 33.625
192 129 67.5
192 127 7.25
192 105 92.375
192 101 60.125
192 92 13
192 83 5.875
192 31 8.125
192 30 42.625
192 24 95.75
192 14 10.25
193 232 81
193 228 8.5
193 175 99.5
193 117 2.5
193 114 6.5
193 110 57
193 81 85.75
193 74 48.75
193 64 82.875
193 62 21.375
193 56 64.625
193 36 61.375
193 29 21.75
193 22 56.125
193 15 86.5
193 7 86.5
194 254 84.25
194 248 53.625
194 205 86.125
194 151 87.875
194 130 49.5
194 110 47.125
194 93 17.5
194 67 7.125
194 58 90.75
194 26 59.875
194 25 28.75
194 15 1.25
194 12 36.25
194 4 11
195 253 63.625
195 233 12.875
195 213 84
195 170 68.125
195 150 79.125
195 149 68.5
195 136 80.75
195 133 82.125
195 128 65.25
195 127 5.25
195 93 14.875
195 84 89.75
195 79 45.75
195 40 89.75
195 5 34.875
196 227 99.75
196 223 71.5
196 218 60.25
196 205 14.5
196 184 72.375
196 181 16.75
196 131 24.375
196 123 59.125
196 66 63.125
196 42 32.25
196 39 70
196 20 4.5
197 250 1.625
197 239 89.125
197 211 1.375
197 191 3.5
197 145 58.875
197 132 70.75
197 130 8.875
197 103 61.75
197 71 35.75
197 62 61
197 40 26.375
197 6 49.125
198 254 91.875
198 193 62
198 150 4.25
198 122 31.25
198 116 9
198 95 82.375
198 85 55.625
198 36 88.75
198 30 53
199 254 56.375
199 201 54.875
199 170 51.625
199 169 81.25
199 163 82.875
199 143 46.75
199 119 97.125
199 118 32.125
199 96 50.5
199 76 5
199 71 98
200 230 83.375
200 226 4.625
200 222 59
200 178 10.875
200 139 62.75
200 130 60
200 129 70.625
200 123 31.875
200 116 90.375
200 111 2
200 84 26.375
200 78 27.875
200 73 41.5
200 64 44.875
200 63 24
200 42 44.75
200 29 4.75
200 20 15.625
200 8 50.5
200 2 22.75
201 254 27.125
201 234 25.75
201 217 86.125
201 203 32.875
201 189 66
201 186 99.375
201 182 78.375
201 167 60.75
201 151 26.375
201 127 40.875
201 112 89.375
201 76 90.75
201 73 86.25
201 60 45
201 45 3.25
201 35 13.875
201 11 50.875
202 242 69.875
202 231 18.125
202 220 34.625
202 187 51.625
202 181 75.125
202 121 10
202 118 53.125
202 80 92.625
202 60 6.75
202 36 45.5
202 16 2.25
202 6 38.375
202 4 12.625
203 255 31.125
203 202 7.75
203 186 21.875
203 178 97.875
203 175 14.25
203 173 26.5
203 166 66.125
203 147 87.625
203 110 30.5
203 108 5.875
203 94 56.75
203 89 26.875
203 83 24.5
203 65 75.375
203 47 90.375
203 43 88.75
203 39 66.75
203 13 38.25
203 12 67.875
204 252 16.875
204 236 47.25
204 234 83.875
204 230 9.125
204 208 63.25
204 192 38
204 174 10.375
204 160 37.625
204 147 65.25
204 114 42.125
204 99 60.125
204 90 85.625
204 39 39.875
204 29 76.25
204 18 34
205 238 92.25
205 215 3.125
205 182 0.75
205 165 38.125
205 147 6
205 93 87.625
205 85 87.875
205 82 58.5
205 77 9.25
205 58 11.375
205 52 46.5
205 39 24
205 15 16.375
206 248 62.25
206 205 81.875
206 183 95.875
206 162 43.875
206 153 2.125
206 151 30.625
206 146 64.125
206 125 71.375
206 119 84
206 114 57.625
206 84 82.625
206 77 67.125
206 70 88.75
206 64 44.875
206 36 54.875
206 31 68.125
206 23 80.875
206 15 82.625
207 252 3.375
207 235 30.125
207 211 89.375
207 183 91.125
207 178 68.75
207 145 58
207 135 34
207 133 42.125
207 128 33
207 107 91.875
207 48 26
207 43 71.25
207 10 97.25
208 254 7.25
208 232 96.5
208 227 50.25
208 219 5.75
208 216 86
208 198 32.875
208 196 36
208 169 96.875
208 157 75.125
208 126 64.875
208 114 79
208 100 58.375
208 92 21.375
208 67 47.125
208 63 28.875
208 53 2.625
208 48 99
208 32 75.625
209 252 42.75
209 244 64.5
209 197 87.375
209 188 75
209 170 93.375
209 147 17.875
209 112 98.25
209 93 34.375
209 92 16.5
209 76 75.125
209 72 92.625
209 56 81.75
209 36 73.875
210 236 96.5
210 224 7.625
210 195 44.75
210 190 41
210 172 95.875
210 148 16.625
210 133 30.375
210 132 4.375
210 122 79.875
210 121 85.75
210 116 32.125
210 103 72.625
210 92 80.125
210 68 61.375
210 65 61.875
210 57 35.125
210 48 15.25
210 36 43.875
210 13 61.75
210 4 65.375
210 2 54.875
211 254 12.25
211 146 0.75
211 137 47.125
211 124 54
211 73 31.25
211 62 91.25
211 45 64.875
211 44 76
211 41 35.625
211 34 23.625
212 240 85.25
212 233 0.125
212 231 94.125
212 230 13.75
212 202 87
212 197 49.75
212 185 4.625
212 163 66.875
212 162 97.875
212 124 99.625
212 118 45.875
212 111 23.375
212 88 77.875
212 83 49.625
212 73 9.75
212 51 0.625
212 46 75
212 26 86.125
212 18 70.5
212 17 69.75
213 239 46.625
213 236 73.125
213 230 31.375
213 227 96.375
213 221 84
213 207 38
213 170 10.875
213 146 8.125
213 140 34.875
213 119 63.5
213 90 25
213 83 11.625
213 82 71
213 58 60
213 41 47.875
213 25 82.5
214 247 98.375
214 191 27.125
214 189 63.5
214 162 63.625
214 153 23
214 99 68.75
214 83 24.375
214 79 61.875
214 27 18.375
214 8 9.625
215 250 5
215 242 32.625
215 226 6.25
215 202 73.125
215 166 5.625
215 158 17.625
215 148 20.75
215 147 42.875
215 128 8
215 120 81.625
215 110 23.25
215 60 66
215 50 10.375
215 48 47.5
215 6 3.75
215 2 12.75
216 242 33.125
216 221 27.875
216 204 11.5
216 193 19.75
216 186 47.125
216 177 4.75
216 153 55.375
216 87 8
216 54 59.875
216 45 12.125
216 26 72.5
216 22 75.5
217 252 28
217 238 9.25
217 232 49.125
217 225 85.625
217 221 57.5
217 214 80
217 208 50.375
217 183 77.625
217 120 24.25
217 113 19.625
217 109 12.875
217 72 60.5
217 35 83.25
217 25 90
217 2 62.25
218 244 8.25
218 235 54.875
218 223 89.125
218 195 8.5
218 194 38
218 193 32
218 171 85.5
218 162 79.75
218 116 85.375
218 112 53.125
218 91 58.5
218 53 90
218 43 23.375
218 10 26.375
219 242 58.625
219 230 36.375
219 221 43.75
219 217 95
219 187 73.875
219 181 17
219 161 21.625
219 153 89.5
219 141 99.375
219 77 11.875
219 51 7.375
219 19 16.375
219 7 65.875
219 5 11
220 247 39.625
220 245 19.375
220 239 88
220 227 49.75
220 201 28.375
220 165 89.5
220 125 38.875
220 111 38.875
220 82 84.875
220 77 97.125
220 71 23
220 62 21.875
220 36 69.625
221 242 56.875
221 235 5.625
221 203 87.125
221 187 51.25
221 167 66
221 164 18.875
221 163 49.375
221 156 68.25
221 144 54.75
221 129 54.125
221 106 16.375
221 85 17.875
221 66 43.875
221 3 42
222 234 82.5
222 215 66.125
222 182 98.25
222 174 22.125
222 151 97.75
222 136 36.125
222 91 66.125
222 75 87.625
222 59 91.625
222 58 16.75
222 57 8
222 55 76.75
222 46 74.125
222 38 4.75
222 30 31.25
222 26 9.25
222 25 76
222 2 35.75
223 250 70.875
223 206 29.75
223 193 17.25
223 174 14.5
223 169 57.875
223 152 13.75
223 151 99.375
223 139 46
223 116 73.75
223 114 81
223 112 53.375
223 88 92.75
223 44 91.25
223 37 81
223 10 83.5
224 253 40.125
224 235 67.375
224 197 89.625
224 180 44.875
224 153 5.875
224 150 31.5
224 128 95.125
224 117 98.75
224 96 27.125
224 94 91.875
224 67 35.125
224 53 61.5
224 40 4.875
224 39 96
224 8 9
224 3 73.625
225 224 85.125
225 219 23.375
225 214 40.25
225 140 52.25
225 135 91.625
225 122 73.75
225 113 13.25
225 81 12.5
225 49 20.375
225 1 45.25
226 256 18.375
226 251 18
226 219 21.875
226 213 67.125
226 196 94.75
226 153 19.75
226 151 76.625
226 146 40.75
226 138 15.875
226 137 91
226 130 95.5
226 128 43.125
226 127 36.75
226 101 50.375
226 89 66.75
226 76 15.5
226 75 1.375
226 54 60.75
226 50 64.5
226 41 62.125
226 20 73.5
226 14 3.75
226 3 39.75
226 2 81.625
227 245 5.75
227 240 59.125
227 222 72.375
227 218 90.25
227 200 76.25
227 198 83.5
227 196 32.75
227 172 92.625
227 170 50.75
227 157 33.125
227 144 41.875
227 138 16.25
227 109 55.125
227 102 34.875
227 95 86.375
227 93 23.25
227 86 42.875
227 69 23.875
227 17 18.875
227 10 83.375
227 6 45.625
228 247 55.75
228 220 68.5
228 206 83.75
228 175 26
228 133 29.25
228 130 91
228 128 18.875
228 126 4.5
228 121 41.5
228 103 72.125
228 96 0.375
228 74 57.75
228 68 6.625
228 66 8.75
228 54 81.375
228 53 61.625
228 10 98.5
228 7 31.75
228 4 84.25
228 1 50.375
229 246 9.875
229 221 10.5
229 220 78.5
229 202 31.375
229 179 97.5
229 172 90.125
229 164 49.25
229 161 70.625
229 153 39.5
229 124 52
229 115 44.875
229 93 21.25
229 72 59.875
229 49 84.875
229 45 63.375
229 35 31.125
229 29 13.375
229 24 1.125
229 16 86.125
229 9 48
230 240 24.875
230 227 98.75
230 215 68.875
230 197 69.625
230 191 72.875
230 189 17.875
230 186 26.25
230 163 54.875
230 153 32
230 140 54.875
230 136 78
230 131 95.125
230 118 88.375
230 101 6.75
230 97 29.875
230 91 92.5
230 41 27.125
230 30 68.875
230 23 43.25
231 246 56.625
231 236 74
231 185 67.375
231 166 37.5
231 153 84.75
231 143 59.5
231 130 19
231 124 56
231 122 62.75
231 95 93.25
231 48 32.875
231 23 98.625
231 17 42.5
232 226 3.875
232 198 12.875
232 186 17.5
232 184 7.125
232 177 95.875
232 175 24.5
232 166 78.375
232 160 10.25
232 150 71.375
232 66 5.125
232 45 9.75
232 11 24.375
232 1 51.875
233 245 18.75
233 237 19.125
233 195 37.875
233 180 91.75
233 163 70
233 127 36.375
233 108 6
233 79 27.25
233 63 92.5
233 60 34.75
233 47 6.875
233 46 49.75
233 28 16.375
234 244 54.25
234 195 14.125
234 170 59.875
234 165 65.25
234 159 45.25
234 124 29.5
234 123 53.25
234 103 23.125
234 78 93.75
234 75 9.875
234 56 34.125
234 48 78.625
234 26 43.75
235 249 18.875
235 239 39.75
235 199 3.75
235 192 91.375
235 164 83
235 161 0.25
235 143 64.25
235 123 65.875
235 113 26.625
235 107 3.375
235 105 24.75
235 80 5.375
235 79 78.5
235 64 70.375
235 49 11.125
235 42 72.875
235 24 54.75
236 235 41.25
236 231 77.375
236 229 49.375
236 202 27.875
236 186 6.625
236 147 21.375
236 134 79.5
236 110 25.75
236 102 10.375
236 91 77.125
236 85 20.25
237 252 43.875
237 247 27.625
237 192 14.375
237 168 86.375
237 136 57.875
237 85 19.125
237 41 4.5
237 24 52.5
237 18 42.5
238 242 80.125
238 201 5.75
238 170 18.625
238 113 59.5
238 100 12.125
238 99 30.5
238 27 84.5
238 16 21.375
238 15 76.125
239 246 55.625
239 242 68.375
239 225 69.5
239 202 13.625
239 188 34.875
239 174 76.75
239 163 13
239 141 71.5
239 133 42.5
239 131 54.75
239 112 86.375
239 84 5.75
239 77 59.5
239 59 2.625
239 45 54
239 44 64.375
239 35 11.25
239 33 0.5
239 30 48.5
239 7 10.625
240 255 65.125
240 236 49.75
240 223 96
240 195 38
240 172 93.875
240 144 73.375
240 140 95.75
240 116 14.375
240 103 56.375
240 100 45.25
240 86 64.625
240 57 75
240 43 55.625
241 242 88.25
241 231 48.5
241 200 72.625
241 168 33.75
241 164 3.375
241 162 2.875
241 161 31.875
241 136 0.375
241 131 71.5
241 130 11.875
241 122 96.5
241 121 8.125
241 114 81.625
241 112 33.125
241 85 48.375
241 78 87.625
241 65 51.75
241 60 50.25
241 48 74.75
241 20 46.625
241 15 24
241 10 5.625
241 6 13
242 234 45.625
242 230 11.375
242 190 41.875
242 187 86.125
242 184 82.75
242 183 64.5
242 178 30.5
242 177 79.375
242 153 96.75
242 145 35.75
242 140 46.125
242 137 34.875
242 133 28.375
242 116 97.125
242 114 41.375
242 113 55.5
242 100 86.625
242 99 9
242 90 55.625
242 46 42.25
242 7 22.375
242 1 32.125
243 230 64.375
243 224 72.875
243 218 40.875
243 167 39.5
243 160 28.125
243 145 1.25
243 144 53.25
243 113 14.125
243 93 73.375
243 57 2.875
243 37 34.125
243 2 97.125
243 1 89.75
244 255 13.75
244 248 51
244 218 95.625
244 213 20
244 185 43.625
244 167 77.625
244 166 79.625
244 162 23.125
244 150 73.875
244 125 44.375
244 113 86.5
244 97 39.25
244 91 19.5
244 76 48.375
244 71 16.5
244 68 3.125
244 65 22.875
245 256 4.125
245 244 38.5
245 203 74.25
245 195 1.625
245 175 26.75
245 155 64
245 150 53.125
245 128 36.25
245 57 54.375
245 33 4.125
245 22 13.625
246 247 16.375
246 234 13.875
246 230 28.375
246 226 19
246 210 28.625
246 187 23.625
246 168 61.125
246 151 67.5
246 150 88.875
246 146 84.625
246 143 65.875
246 133 84.625
246 110 17.25
246 101 43.875
246 76 57.25
246 68 77.875
246 31 96.625
247 255 22
247 246 65
247 239 3
247 238 20.625
247 230 84.375
247 229 9.375
247 211 11.125
247 210 74.375
247 202 45.25
247 183 94.875
247 171 18.125
247 97 86.75
247 94 4
247 85 28.5
247 37 84.25
247 11 30
248 254 45.5
248 220 73.25
248 210 93.375
248 205 33
248 179 10.5
248 177 31.875
248 159 33.25
248 150 97.875
248 144 67.5
248 139 65.75
248 137 84.25
248 95 93.25
248 94 48.125
248 52 54
248 1 6.5
249 225 72.375
249 219 37.5
249 201 11.375
249 188 27.375
249 173 85.125
249 149 34.75
249 113 44.125
249 79 84.75
249 73 91.25
249 17 21
249 6 30
250 252 8.625
250 242 2.25
250 208 37.375
250 202 19.5
250 200 95.625
250 173 23.75
250 162 49.5
250 155 7.875
250 136 25.375
250 131 38.75
250 94 34.375
250 71 99.75
250 35 32.75
250 23 3.875
251 256 69.125
251 204 62.75
251 193 6.625
251 186 16.375
251 181 25
251 174 11.375
251 170 31.25
251 143 41.25
251 132 24.875
251 129 48.125
251 113 27.875
251 90 27.75
251 81 43
251 60 70.5
251 58 41.75
251 31 28.75
251 26 99.75
251 25 18
252 248 35.875
252 236 61.75
252 234 83.5
252 227 29.75
252 214 95
252 209 78.25
252 207 51
252 204 9.5
252 191 12.625
252 182 27.125
252 178 45.25
252 173 99.625
252 111 37.75
252 70 66.5
252 56 8.125
252 22 28.25
252 14 15
252 9 60.625
253 251 83.5
253 242 75.125
253 209 20.125
253 202 58.625
253 201 65.625
253 151 5
253 146 92.875
253 141 54
253 127 22.875
253 108 88.875
253 90 58.625
253 55 54.875
253 24 28.75
253 23 51.125
253 3 25.375
254 244 20
254 234 40.5
254 231 22.625
254 227 18
254 199 34.875
254 197 76.75
254 195 1.375
254 171 58
254 170 92.875
254 163 53.875
254 137 16
254 132 38.25
254 129 23.125
254 114 64.125
254 102 22.75
254 91 48.875
254 56 57.75
254 9 7.75
254 4 85.375
255 229 8
255 212 54.5
255 211 81.375
255 206 19.125
255 201 52.5
255 200 15
255 144 18.75
255 135 10.5
255 125 98.125
255 123 18.75
255 117 25.625
255 99 58.5
255 98 79.25
255 64 29.75
255 35 65.25
256 212 49.5
256 201 46.375
256 188 58.875
256 169 92
256 150 67.75
256 133 7.625
256 90 53.5
256 81 93.875
256 73 76.625
256 63 24.625
256 52 29.875
256 41 59.75
256 36 70.625
