dl
format=edgelist1
n=256
data:
1 227 99
1 213 18.5
1 202 79.375
1 173 78.75
1 170 21.5
1 165 62.75
1 158 95.375
1 110 18.25
1 92 26.125
1 70 30.5
1 69 68.125
1 48 1.5
1 37 15.375
1 25 80.625
1 24 42.125
1 20 67.875
1 17 71.75
2 235 32.375
2 216 10.125
2 188 43.25
2 147 56.375
2 139 49.125
2 130 55.625
2 112 23.5
2 107 18.5
2 92 8.625
2 41 23.875
2 13 13.375
2 8 9.875
3 228 32
3 219 94.25
3 186 47.625
3 185 45.5
3 181 90.25
3 152 8
3 117 49.75
3 78 59.25
3 75 7.125
3 66 60.5
3 58 49.125
3 38 44.125
4 206 50.25
4 196 15.375
4 190 16.875
4 174 5.25
4 165 27
4 152 91.875
4 150 10.375
4 123 81.375
4 105 60
4 90 66.125
4 73 65.875
4 69 86.5
4 64 88.125
4 46 93.625
4 37 14.875
4 21 98.875
5 239 34.5
5 215 51.125
5 160 37.375
5 157 83
5 103 83
5 93 58.625
5 81 20.375
5 53 23.75
5 46 50.375
5 44 48.25
5 32 74.5
5 8 29.5
6 234 47.625
6 188 31.125
6 167 52.375
6 82 17.5
6 67 64.125
6 60 2.625
6 48 98.125
6 12 6.5
6 10 71.875
6 1 97.125
7 223 57.125
7 217 77.75
7 211 60.375
7 148 17.375
7 136 3
7 120 69.875
7 101 70.375
7 100 17
7 85 41.5
7 68 4.875
7 63 64.125
7 62 53
7 48 98.375
7 29 15.625
7 8 16.5
7 5 68.75
8 250 53.125
8 242 36.25
8 234 31.5
8 233 33.25
8 230 55.625
8 166 88.875
8 160 80.875
8 159 78.5
8 144 45.875
8 140 15
8 135 40
8 109 10.375
8 79 13.25
8 74 41.375
8 71 43.125
8 63 0.625
8 26 82.25
8 23 23.75
8 20 52.5
8 16 69.375
9 254 38
9 253 1.125
9 243 60.125
9 234 58.375
9 184 41.5
9 162 99
9 137 55.375
9 135 91.375
9 126 92.125
9 124 17.125
9 111 78.75
9 105 57.5
9 91 81.625
9 45 99.25
9 43 92.75
9 26 13.875
9 17 6.5
10 239 25.5
10 224 69
10 195 95.125
10 180 63.125
10 157 30.75
10 131 86.875
10 119 56.5
10 113 28.25
10 110 66.75
10 99 1.25
10 97 56.875
10 86 43.625
10 82 76.375
10 72 44.25
10 65 34.875
10 64 16.625
10 61 53.875
10 59 49.875
10 39 22.5
10 32 59.625
10 19 74.125
10 15 62.375
11 251 99.625
11 240 56.625
11 227 98.125
11 198 28.375
11 164 38
11 158 39.5
11 132 42.375
11 127 90.375
11 119 55.875
11 105 46.375
11 73 82.875
11 61 26
11 48 10.375
11 47 97.25
11 32 69.75
11 29 74.875
11 23 70.375
11 18 69
12 252 92
12 231 81
12 227 17.25
12 215 94.25
12 181 92.75
12 165 38.75
12 146 11.375
12 145 20.5
12 118 26.75
12 96 86.125
12 91 40
12 71 81.875
12 66 80.5
12 64 22.375
12 52 75.375
12 48 14.625
13 251 93.625
13 215 17.25
13 206 46.75
13 198 91
13 191 17
13 179 38
13 175 65.75
13 173 83.25
13 166 22.5
13 147 82.375
13 128 89.625
13 116 58.5
13 106 90.75
13 99 51.25
13 79 7.5
13 74 11.25
13 42 1.375
13 31 49.625
14 256 42.875
14 245 58.125
14 235 6
14 229 49.5
14 195 97.625
14 158 38.625
14 153 98
14 150 42.75
14 148 5.625
14 143 5
14 126 2.5
14 122 82.875
14 112 51.125
14 99 1.375
14 92 61.75
14 71 5
14 69 51.125
14 68 84.5
14 62 12
14 48 36.625
14 45 53.875
14 27 84.25
14 13 64
14 10 62.875
15 255 9.875
15 250 35.5
15 212 5.25
15 204 78.75
15 198 4.75
15 194 36.375
15 192 24.375
15 165 11.875
15 164 38.25
15 163 83.875
15 160 87.125
15 132 64
15 128 81.75
15 118 25.5
15 23 73.625
16 251 11.75
16 205 47.875
16 197 15.375
16 163 93
16 120 95.75
16 119 95.375
16 116 92.5
16 49 45.5
17 252 23.25
17 212 94
17 176 62
17 167 69.5
17 143 1.75
17 140 61.875
17 122 3.875
17 110 84.375
17 104 54.5
17 91 14.375
17 48 27.625
17 44 81.375
17 37 86.25
17 35 56.875
17 26 42.5
17 19 20.125
17 9 29.25
17 8 45.5
18 252 20.875
18 238 19.875
18 224 53.875
18 192 19.625
18 190 27.5
18 175 36.125
18 164 92.125
18 148 40.875
18 125 80
18 124 78.875
18 107 1.375
18 91 21.625
18 67 19.375
18 43 61.375
18 2 73.375
19 244 76.25
19 238 93.375
19 227 24
19 223 88.375
19 194 56.625
19 187 59.25
19 164 23.25
19 142 3
19 137 44.625
19 122 62.125
19 89 77.625
19 86 10.25
19 71 25.25
19 51 37.25
19 33 26.375
19 13 59
20 236 14.125
20 234 23
20 224 48.125
20 222 35.5
20 209 91
20 205 94.625
20 197 12.5
20 190 2.125
20 176 89
20 153 55.25
20 152 33.125
20 142 32.75
20 139 17.75
20 130 46.625
20 129 23
20 84 79
20 71 30.625
20 49 57.75
20 43 50.375
21 230 57
21 199 15.75
21 194 15.625
21 192 81.625
21 176 20.625
21 166 33.875
21 161 44.875
21 158 19.5
21 122 55.625
21 96 0.375
21 94 93.75
21 87 41.375
21 74 69.625
21 46 83.5
21 3 15.125
22 254 95.75
22 239 76
22 223 56.25
22 220 38.875
22 204 65.875
22 183 93.75
22 136 58.875
22 118 73.5
22 102 9.375
22 83 92.375
22 36 61.25
22 35 40.625
22 34 98.5
22 23 84.5
22 18 4.375
22 13 75.625
22 12 21.75
23 253 27.375
23 242 27.5
23 239 21.25
23 227 84.375
23 215 88
23 209 61.875
23 207 95
23 175 80.25
23 173 22.125
23 172 84
23 169 9.5
23 148 58
23 122 85.75
23 117 94.25
23 85 36
23 79 7.125
23 72 16
23 61 93.625
23 6 75.875
23 1 5.75
24 221 45
24 175 72.25
24 167 31
24 121 26.5
24 101 29.25
24 50 41.25
24 21 2.375
24 17 71.125
25 231 42
25 212 88
25 211 75.125
25 197 76.75
25 158 16.625
25 142 41.625
25 135 46.375
25 97 11.5
25 92 23.375
25 87 1.875
25 86 85.625
25 64 54
25 50 23.25
25 21 11.5
25 8 35.625
25 1 24.25
26 255 52.875
26 254 31.375
26 249 34.125
26 244 34.375
26 227 35.75
26 199 88.75
26 186 61
26 176 60.125
26 169 78.875
26 165 16.125
26 126 70
26 113 95.375
26 75 68.5
26 74 42.75
26 57 32.375
26 44 31
26 32 17.25
26 16 88.75
27 225 6.625
27 219 53.5
27 217 4.125
27 210 86.125
27 209 60
27 198 54.875
27 193 49.25
27 177 41.375
27 165 51.625
27 161 79.125
27 151 96.625
27 141 63
27 115 48
27 100 10.5
27 90 76.125
27 88 12
27 61 64.125
27 54 55.125
27 51 49.25
27 13 18.75
27 9 58.25
28 255 35.25
28 238 39.625
28 232 84.75
28 222 60.875
28 215 1.375
28 210 90.25
28 191 85.125
28 185 16.75
28 161 50.25
28 123 46.5
28 115 50.875
28 78 95.625
28 59 97.875
28 53 51.5
28 46 22
28 33 97.5
28 7 5.375
29 230 89.625
29 202 69.125
29 195 59.5
29 191 55.25
29 175 47.125
29 171 18.125
29 160 53
29 152 75.375
29 114 22.625
29 108 53.625
29 101 37.5
29 97 15.75
29 68 82.25
29 67 26.75
29 44 81.375
29 37 11.875
30 248 96.875
30 240 39.25
30 235 61.75
30 231 89.5
30 228 66.5
30 220 42.125
30 182 31.25
30 166 12.125
30 162 30.875
30 159 87.875
30 117 88
30 113 53.125
30 109 37.375
30 98 36.75
30 66 27.625
30 46 13
30 22 77.25
30 10 49.125
30 2 87.875
31 255 50.625
31 216 31.875
31 198 90.875
31 180 63
31 162 22.875
31 150 24.875
31 148 15
31 136 22.875
31 122 9.875
31 116 7.125
31 104 2.75
31 102 16.875
31 83 74.5
31 76 85.75
31 62 6.375
31 53 80.25
31 52 12.125
31 44 34.5
31 32 26.625
31 17 87.875
31 13 29.5
32 233 40
32 186 9.375
32 181 1.875
32 173 83.75
32 149 54.625
32 146 85.5
32 86 76.25
32 85 32
32 77 35.375
32 65 17
32 30 80.25
33 214 12.625
33 197 86.875
33 168 97.375
33 166 25.375
33 163 32.125
33 150 50.875
33 147 61.25
33 142 71.875
33 98 98
33 73 2.75
33 50 75.25
33 12 20.25
34 211 94
34 209 20.125
34 201 40.5
34 183 73.875
34 178 86.625
34 172 50
34 160 1
34 144 1.25
34 138 69.25
34 131 54
34 125 19.375
34 99 91.5
34 82 81.125
34 53 73.375
34 52 12.125
34 31 64.5
34 16 66.875
34 7 41.625
35 216 8.125
35 207 44.75
35 197 28.75
35 187 21.875
35 174 23.75
35 133 8
35 120 37.25
35 116 8
35 115 48.125
35 112 79
35 109 37.125
35 106 86.875
35 77 59.375
35 76 33
35 65 35.625
35 45 41.125
35 30 40.125
35 29 15.375
35 5 47.75
36 246 21.5
36 239 57.375
36 233 49.375
36 231 91
36 216 82.75
36 205 58.375
36 182 44
36 177 59.5
36 154 90.5
36 130 84
36 117 7.625
36 115 24.75
36 113 98.125
36 89 82.75
36 87 26.625
36 78 5.125
36 42 20
36 34 24.125
36 23 36.75
36 12 16.75
36 4 69.25
37 249 11.125
37 239 66.125
37 222 26.25
37 210 1.125
37 154 13.375
37 151 80
37 146 42.25
37 137 18.375
37 115 49.375
37 94 71
37 69 45.375
38 247 38.625
38 238 97
38 223 85.875
38 203 53.375
38 181 58.625
38 172 95.125
38 160 56.875
38 127 80
38 110 24.25
38 102 72.625
38 93 47.375
38 68 56.25
38 52 55.5
39 249 95.375
39 239 5.25
39 223 69.125
39 220 4.375
39 212 48.125
39 200 2.125
39 130 55.875
39 126 12.75
39 114 99.5
39 62 70
39 55 94.625
39 48 97.875
39 30 11.5
39 28 28.875
39 13 83.75
39 11 34.625
39 3 82.5
40 255 21.375
40 243 35.75
40 188 7.5
40 185 84.375
40 179 57.875
40 173 75.875
40 156 44.25
40 137 69.75
40 131 57.125
40 107 99.5
40 106 26.375
40 93 22.125
40 54 17.25
40 44 3.375
40 22 65.5
40 16 68.25
40 10 90.875
40 8 85.625
40 2 45.5
41 233 51.75
41 224 30.625
41 218 63.375
41 211 4.25
41 200 43.875
41 144 57.125
41 143 47.375
41 134 40.625
41 128 63.875
41 85 84.75
41 71 21.625
41 53 84.125
41 21 80.375
42 256 69.875
42 204 61.125
42 197 13.375
42 193 47.5
42 189 27.75
42 178 62.5
42 152 19.875
42 142 59.5
42 133 4.25
42 132 21.625
42 113 75.625
42 54 52.625
42 51 60.25
42 44 96.25
42 39 50.625
42 33 28.625
42 11 54.625
43 253 89
43 250 93.5
43 245 59.25
43 235 38.5
43 206 71.5
43 197 48.25
43 183 83.625
43 166 6.25
43 151 75.125
43 148 81.25
43 142 5.625
43 102 74.125
43 98 84.125
43 88 40
43 57 34.625
43 23 93
43 6 11.5
44 246 43.5
44 229 56.25
44 221 39.875
44 200 96.125
44 139 53.5
44 136 88.5
44 119 48.125
44 94 95.75
44 82 77
44 58 52.375
44 37 99.375
44 21 72.25
44 16 74.125
45 237 92.375
45 226 5.25
45 191 19.625
45 186 49.125
45 170 3.625
45 168 39.75
45 148 40.75
45 142 63.75
45 113 39.375
45 111 54
45 97 58
45 42 27.75
45 23 30
45 15 31.25
46 235 71.875
46 226 74
46 219 20.125
46 201 8.625
46 189 55.125
46 185 2.625
46 152 33.5
46 139 57.375
46 129 63
46 109 32
46 72 12.125
46 70 62.25
46 59 40.625
46 47 97.125
46 44 49.875
46 39 10.75
46 23 92.25
46 19 47.25
46 4 64.125
47 252 9.375
47 238 97.125
47 235 26.375
47 233 15.125
47 210 41.75
47 206 97.5
47 189 86.25
47 168 5.75
47 159 91.875
47 138 53.5
47 137 15.375
47 119 6.625
47 103 64.625
47 102 46
47 87 80
47 76 87.625
47 74 68.5
47 72 13.75
47 48 19
47 45 54.75
47 37 99.625
47 19 64.25
47 18 78.125
48 252 78.5
48 250 73.25
48 246 55.125
48 234 54.625
48 233 95.75
48 226 5.125
48 223 50.625
48 222 70
48 172 62.875
48 167 86.125
48 153 31.75
48 143 21.625
48 131 25.75
48 130 59.75
48 122 90.75
48 90 39.25
48 52 92.25
48 47 99
48 43 82.25
48 9 88.75
48 2 51.375
49 244 56.5
49 235 44.25
49 223 34.375
49 192 62.125
49 191 92
49 162 86.25
49 148 37.375
49 139 5.25
49 108 48.25
49 107 28.625
49 102 48.5
49 87 10.25
49 56 29.5
49 48 71.5
49 33 48
50 253 54.625
50 217 55.375
50 204 50.25
50 183 95.75
50 181 91.25
50 175 75.875
50 157 86.875
50 122 74.125
50 93 9.875
50 60 87.625
50 27 66.75
50 11 76.625
51 237 82.625
51 226 6.625
51 204 20.5
51 203 94.375
51 181 16.875
51 180 96
51 176 38.375
51 155 46.375
51 144 98.625
51 142 30.75
51 123 93.875
51 112 9.125
51 105 81
51 84 10.75
51 77 46
51 42 25.375
51 38 98.625
51 13 91.875
51 5 30
52 237 76.375
52 204 4.75
52 193 79.5
52 176 9
52 173 80.875
52 172 4.25
52 164 70.375
52 157 60
52 155 77.75
52 143 52.75
52 94 45.875
52 84 69.75
52 76 0.5
52 70 58.625
52 68 85.75
52 63 74.75
52 49 32.625
52 41 14.125
52 38 68.125
52 33 78.625
53 234 99.875
53 232 58.5
53 225 92
53 206 41.375
53 201 38.875
53 192 79.5
53 189 96.375
53 161 75.375
53 78 57.25
53 76 21.5
53 74 40.75
53 46 80.75
53 18 61.25
53 15 75.25
54 251 78.25
54 237 45.625
54 228 16.5
54 218 39
54 165 26.25
54 163 10
54 148 18.375
54 133 21.875
54 120 74.75
54 103 52.25
54 75 39.125
54 45 62.75
54 40 24.375
55 246 8.875
55 241 30.75
55 234 7.625
55 195 87.25
55 159 53.125
55 148 85.25
55 144 3.75
55 115 53.5
55 100 54.375
55 80 44.25
55 79 94.625
55 75 36.25
55 68 60.625
55 67 79.375
55 26 70.5
55 20 9.875
56 225 23.25
56 218 29.125
56 203 98.5
56 179 36.25
56 169 41.125
56 164 65.125
56 163 73.875
56 156 28.125
56 154 10.5
56 151 77.25
56 128 17.625
56 127 20.5
56 109 74.25
56 106 51.75
56 103 65.125
56 94 74.125
56 39 89.875
56 25 7.25
56 9 58.875
57 243 75.75
57 212 7.5
57 204 65.875
57 185 9.25
57 145 98.25
57 114 21.25
57 92 69.75
57 75 0.875
57 73 84.25
57 66 98
57 23 38.5
57 22 40.25
57 19 85.25
58 215 13.625
58 201 71.375
58 179 12.125
58 150 3.5
58 116 5.25
58 107 50
58 95 92.375
58 86 61.625
59 248 75.875
59 235 2
59 199 25.375
59 192 78.875
59 170 78
59 167 95.5
59 145 74.25
59 139 30.75
59 131 24.5
59 129 6.375
59 127 37.125
59 120 12.125
59 104 18
59 102 69.25
59 75 48.625
59 69 63.125
59 39 4.75
59 19 63.375
60 243 66.625
60 233 43.25
60 224 74.125
60 185 98.875
60 118 25
60 108 15.875
60 105 63.875
60 96 44.625
60 93 89
60 88 83.125
60 85 92.25
60 55 25.125
60 39 72.25
60 8 31.5
60 7 23.125
61 233 40.25
61 219 72.125
61 214 82.25
61 212 92.75
61 143 67.875
61 124 66.75
61 102 45.75
61 66 75
61 50 20.125
61 31 15.5
62 254 59.25
62 222 14.125
62 201 55.875
62 121 87.125
62 116 77.75
62 108 54.375
62 106 80.125
62 105 0.625
62 80 74.25
62 63 39.625
62 48 28.875
62 35 74.625
62 9 52.125
62 5 77.5
62 4 15.25
63 254 83.625
63 229 30.5
63 207 19.25
63 201 33
63 185 56.875
63 161 98.75
63 160 53
63 152 4.25
63 148 20.375
63 119 44.625
63 113 17.75
63 70 9.875
63 64 97.375
63 52 80.375
63 23 96.5
64 248 30
64 223 85.625
64 219 5
64 193 32.375
64 172 80.5
64 168 5.75
64 142 66.125
64 136 19.5
64 125 99.375
64 103 76.25
64 91 31.625
64 87 49.5
64 85 2.375
64 67 63.875
64 58 47.125
64 38 91.125
64 19 68.375
65 255 70
65 221 76.25
65 211 49.25
65 203 40.25
65 183 61.125
65 159 10.375
65 148 98.75
65 122 25.625
65 103 54
65 102 8.875
65 80 35
65 58 2.25
65 41 36.5
65 25 81.875
66 239 80.75
66 229 90.875
66 227 47.125
66 217 99.625
66 201 43.75
66 172 95.25
66 164 35.375
66 151 53.75
66 142 1.875
66 130 46.25
66 116 52.125
66 91 32.125
66 61 93.125
66 13 10
66 10 54.5
67 254 25.375
67 249 72.375
67 231 66.75
67 178 75.125
67 173 18.5
67 156 30.25
67 101 45.625
67 99 48.25
67 95 40.375
67 90 47.125
67 74 97.375
67 68 75.75
67 26 12.875
67 16 52.125
68 256 3.875
68 232 35.375
68 207 52
68 156 58.625
68 150 29.5
68 143 49.5
68 140 86.75
68 137 99.625
68 121 89.75
68 113 22.375
68 105 60.625
68 95 31.5
68 75 97.125
68 39 2.75
68 38 59.375
68 32 60.75
68 9 88.75
69 253 21.5
69 242 74.75
69 231 10.25
69 230 83.875
69 222 19.75
69 172 47.625
69 171 80.125
69 160 45.375
69 30 44.25
69 25 64.5
69 10 10.375
70 254 83.25
70 244 95.875
70 242 87.25
70 236 32.875
70 216 8.5
70 203 9.375
70 202 25.375
70 180 43.625
70 178 43.625
70 175 95
70 171 82.875
70 170 38.875
70 166 22.875
70 165 65.5
70 156 99.875
70 135 47
70 133 30.5
70 110 43
70 107 16.375
70 103 19.375
70 91 58.625
70 87 40.75
70 71 1.375
70 48 46.25
70 39 22.5
70 35 60.75
70 12 3.75
70 11 89.25
70 5 49.75
71 251 37.25
71 242 14.875
71 238 29.125
71 234 60.125
71 205 74.875
71 166 98.125
71 154 55.5
71 129 60.625
71 89 20.5
71 84 74.625
71 82 31.875
71 69 52
71 55 42.625
71 52 5.875
71 36 4.375
71 32 62.875
71 23 21.75
71 15 8.5
72 256 18.25
72 232 50
72 199 77.5
72 178 10
72 174 77.5
72 172 44.625
72 120 21
72 116 53.625
72 114 76
72 101 95.625
72 97 46.5
72 89 77.5
72 64 33.375
72 42 41.625
72 36 59
72 14 72.375
72 9 68.75
72 7 39.5
73 253 86.125
73 216 6.875
73 203 22.75
73 163 58.375
73 156 66.25
73 133 77.375
73 96 46.625
73 77 35.25
73 59 56.375
73 58 59.75
73 52 71.875
73 45 21.75
73 37 80.375
73 12 31.25
73 9 94.5
74 235 53.375
74 230 5.25
74 217 96.5
74 205 19.25
74 198 83.875
74 182 13.75
74 162 25.25
74 160 26.875
74 150 0.625
74 143 46.125
74 135 98.25
74 126 23.5
74 104 9.75
74 69 21.5
74 61 85.875
74 51 45.125
74 6 3.75
75 247 45.875
75 229 94.25
75 181 10.75
75 180 14.625
75 165 32.625
75 112 43
75 110 18.875
75 83 24.125
75 65 23
75 62 77.25
75 23 96.875
75 17 34.875
76 239 40.25
76 236 43.625
76 210 91.5
76 197 16.25
76 192 41.875
76 166 49.5
76 128 99.125
76 97 43.625
76 89 28.625
76 75 88.5
76 69 78.625
76 54 80.25
76 15 23.375
77 255 4.125
77 246 90.625
77 237 55.75
77 218 82.875
77 159 67.875
77 143 57.875
77 132 56.875
77 103 58.125
77 102 68.75
77 91 49.875
77 90 93.75
77 62 10.25
77 30 10.75
77 21 25.25
78 229 28.625
78 227 55.875
78 225 17.375
78 211 14.875
78 202 72.75
78 200 38.375
78 187 8.375
78 184 26.125
78 174 33.75
78 172 56.5
78 170 88.75
78 154 71
78 147 77.125
78 145 67.75
78 125 10.875
78 119 9.375
78 107 0.375
78 91 47.125
78 70 43.125
78 69 79.75
78 67 47
78 56 54
78 48 13.75
78 40 34.25
78 3 85.125
79 246 82.875
79 221 94
79 207 94.75
79 205 85.875
79 202 18.625
79 198 55.375
79 157 20.5
79 112 47.875
79 101 76.125
79 95 82.375
79 92 88.25
79 52 24.875
79 51 52
79 45 15.625
79 30 8.75
79 27 35.625
80 246 12.625
80 238 78.125
80 229 26.125
80 223 80.375
80 219 56.25
80 178 44.125
80 171 90.5
80 156 26.375
80 136 23.25
80 134 47.25
80 133 49.375
80 117 72.75
80 109 76
80 21 91.375
81 247 33.75
81 193 10.5
81 186 4.5
81 170 62.25
81 166 94.75
81 154 40.25
81 148 51.75
81 134 29.875
81 123 53.375
81 102 58.5
81 96 81.125
81 71 52.5
81 63 12
81 51 2.875
81 47 23.875
81 6 43.625
82 238 78.375
82 233 94.625
82 218 9.875
82 185 72.875
82 181 57.625
82 170 29.625
82 100 66
82 85 43.5
82 46 39.75
83 248 64.25
83 223 69.125
83 148 92.625
83 140 56.5
83 110 76.125
83 66 40.875
83 48 96.125
83 24 42.625
83 13 28.875
84 255 82.375
84 250 56.875
84 249 2.75
84 240 97
84 239 12.5
84 219 41.25
84 185 23.125
84 161 33
84 147 24.875
84 131 30
84 108 20.75
84 83 68.5
84 71 5.625
84 64 6.375
84 60 87.875
84 34 0.375
84 28 42.875
84 27 64.5
84 10 16.625
85 243 63.375
85 218 40.25
85 214 2.5
85 175 55.875
85 104 68.75
85 91 45.875
85 80 59.5
85 74 29.5
85 61 26.125
85 47 54.125
85 39 62.625
85 3 23.375
86 239 80.375
86 214 33.375
86 197 95.375
86 186 97.25
86 180 65.5
86 164 68.5
86 130 97.875
86 93 44
86 91 46.625
86 89 37.625
86 78 85.625
86 76 11.125
86 70 68
86 69 90
86 68 97.375
86 66 8.875
86 59 77.125
86 54 74.375
86 41 88.5
86 36 52.5
87 256 6.75
87 248 40.5
87 238 16.375
87 230 12.125
87 216 80.25
87 198 88.125
87 195 22
87 165 50.75
87 164 44.75
87 152 91.875
87 146 91.125
87 142 64.125
87 95 79.625
87 92 16.375
87 88 47.375
87 52 17
87 47 39.625
87 32 92.5
87 20 9.75
87 7 71.875
88 252 48.875
88 246 71.625
88 209 72.625
88 206 65.625
88 201 4.625
88 131 69.25
88 130 29
88 122 29.75
88 113 14.125
88 108 62.5
88 44 74
88 25 37.375
88 22 40.375
89 254 69.125
89 252 42.375
89 225 26.625
89 182 97.25
89 149 71
89 135 43.875
89 111 56.75
89 102 89.75
89 99 79.5
89 94 56.125
89 93 66.375
89 86 19.75
89 72 67.75
89 15 48
90 252 81
90 247 31.5
90 246 32.75
90 214 85.625
90 175 47.75
90 172 35.25
90 162 17.5
90 157 91.125
90 129 86.625
90 125 35.625
90 124 99.625
90 105 40.75
90 102 6.5
90 91 50.25
90 69 25.625
90 57 5.125
90 24 56
90 23 96.125
90 21 53.625
90 2 21
91 250 76.375
91 228 33
91 196 95.5
91 121 10.875
91 114 37
91 66 10.5
91 61 12.125
91 42 72.875
92 245 64.25
92 237 79.125
92 228 59.125
92 222 2
92 208 25.75
92 206 72.875
92 192 41.875
92 173 8.5
92 157 56.25
92 142 86.875
92 141 15
92 132 82.875
92 127 66
92 79 69.125
92 63 34.5
93 232 92.75
93 215 23.5
93 168 17.75
93 158 62
93 156 52.875
93 127 78.5
93 62 75
93 8 99
93 7 14.5
94 226 1.125
94 222 73.125
94 210 96.875
94 199 99
94 185 98.875
94 160 84.125
94 150 37.5
94 112 29.625
94 111 27.875
94 109 50.25
94 107 44.625
94 105 10.125
94 95 56.5
94 86 27.75
94 85 77.625
94 83 5.5
94 81 34.5
94 66 24
94 63 17
94 56 71
94 38 55.5
94 22 36.875
95 218 80.375
95 207 87.75
95 204 70.5
95 189 79.75
95 179 23.375
95 143 56
95 134 12.875
95 118 64.25
95 68 62.375
95 22 14.5
96 256 40.375
96 218 76.5
96 210 14.375
96 205 66.375
96 189 72
96 175 80.625
96 113 11.75
96 90 10.25
96 72 67.25
96 40 17.125
96 24 92.875
97 242 53.25
97 237 71.375
97 228 12.75
97 223 43.375
97 220 90.75
97 186 49.375
97 180 78.75
97 166 8.375
97 150 33.875
97 139 45.75
97 123 45.875
97 77 10.375
97 65 45.25
97 56 58.25
97 8 8
98 255 11.75
98 231 44.125
98 228 83.125
98 215 73.75
98 205 43.875
98 200 43.375
98 198 74.375
98 191 25.125
98 176 71.75
98 173 69
98 160 36.25
98 151 19.625
98 130 78.5
98 102 84.875
98 94 61.125
98 87 30.375
98 59 50.5
98 48 11.5
98 46 23.25
98 40 51
98 32 92.125
98 30 20.625
98 22 88.25
98 4 71.375
99 249 3
99 246 63.875
99 201 44.875
99 183 57.125
99 180 16.875
99 179 9
99 157 75.75
99 151 47
99 149 81.75
99 139 16.875
99 124 33.125
99 116 75.125
99 78 30.75
99 61 74.625
99 19 61
99 2 94.25
100 245 35.875
100 232 24.375
100 224 16.125
100 207 35.375
100 206 51.875
100 157 39
100 140 60.875
100 118 76.375
100 112 54.875
100 111 13.875
100 108 24.875
100 88 73.125
100 77 48
100 68 3.875
100 43 93.5
100 34 5.25
100 27 96.25
100 24 39.75
100 7 8.625
100 1 97.5
101 231 66.75
101 214 42.125
101 178 81.25
101 177 30.375
101 169 53.625
101 130 96.375
101 105 87
101 94 0.25
101 61 51.625
101 30 87.5
101 23 20.5
101 15 52.25
102 230 24.75
102 218 85.375
102 205 40.125
102 188 46.375
102 172 85.375
102 170 0
102 158 6
102 144 85.25
102 135 49.25
102 123 18.5
102 117 39.125
102 113 40.375
102 106 83.375
102 96 48.625
102 65 63.625
102 43 87.125
102 37 14.5
102 33 28.25
102 26 66
103 231 70
103 227 13.625
103 206 39.75
103 203 68
103 197 21.375
103 169 21.375
103 159 45
103 122 69.375
103 117 80.375
103 93 89.875
103 68 72.875
103 67 84.125
103 63 77.75
103 56 55.75
103 46 83.5
103 20 31.125
104 246 13.375
104 206 78
104 198 36
104 191 62.25
104 175 3.625
104 170 36.25
104 168 63.875
104 157 43.125
104 142 72.25
104 103 76
104 84 15.75
104 64 91.25
104 63 20.5
104 48 4.125
104 39 13.5
104 32 99.75
104 23 33.25
104 16 71.25
104 6 52.625
105 249 46.25
105 227 35
105 217 71.125
105 181 26.75
105 178 73
105 170 70.75
105 158 95.75
105 151 85.625
105 130 66.625
105 115 46.125
105 106 51
105 72 36.5
105 69 67.625
105 64 20.5
105 31 29.75
105 29 25.25
105 2 4.375
106 256 19.625
106 249 43.875
106 239 18.75
106 235 2.125
106 221 20
106 208 71.625
106 165 55.625
106 154 9.375
106 128 65.875
106 66 13.625
106 58 86.875
106 13 96.25
107 246 83.5
107 222 74.625
107 214 82.125
107 199 6
107 146 50.375
107 137 79.875
107 111 87.375
107 94 31.5
107 92 43.375
107 91 83.5
107 49 36.875
107 45 29.375
107 7 65.625
108 235 41
108 214 19.5
108 194 74.375
108 188 33.375
108 185 87.125
108 156 50.875
108 142 86.625
108 141 81.625
108 122 60.625
108 93 15.25
108 81 3
108 71 25.25
108 70 58.375
108 60 42
108 58 24.25
108 54 91.25
108 41 78
108 39 93
108 34 17.625
108 13 84.875
108 9 2.5
109 225 44.125
109 216 79.875
109 177 38.5
109 48 80.125
109 28 57.875
109 4 59.5
110 247 44.625
110 238 57.625
110 171 6.375
110 157 41.125
110 150 39.625
110 98 63.75
110 88 67.625
110 81 52
110 64 47.375
110 54 32.125
110 52 90.25
110 47 15.625
110 45 1.625
110 27 41.75
110 21 20.75
110 20 13.875
111 256 10.75
111 249 17.875
111 216 32.375
111 212 41.375
111 201 30.875
111 194 78.25
111 193 52.875
111 187 66.5
111 165 13.5
111 163 16.375
111 162 69.875
111 156 75.125
111 153 99.875
111 125 15.875
111 83 77.75
111 79 47.125
111 69 71
111 57 34.375
111 24 85.125
111 11 77.25
111 5 17.5
112 250 69.5
112 240 69
112 224 3.875
112 189 33.75
112 184 78.125
112 156 55.875
112 145 73.625
112 139 1.875
112 126 15.625
112 124 73.125
112 111 26.125
112 98 36.875
112 97 42.125
112 90 23.625
112 78 71.75
112 57 50.75
112 55 43.25
112 45 94.375
112 29 7.375
113 245 20.625
113 202 78.875
113 200 33.125
113 173 45.75
113 164 74.125
113 161 89.125
113 109 57.625
113 104 8.125
113 70 37.625
113 25 74.375
114 255 36
114 241 27.5
114 207 70.625
114 178 55.25
114 165 32.875
114 160 30.875
114 157 29.875
114 156 97
114 139 71.625
114 118 23.5
114 115 78.375
114 103 2.5
114 91 93.625
114 73 21.625
114 72 42
114 71 96.125
114 66 84
114 63 11.625
114 39 14
114 35 84
114 23 4
114 4 53.125
115 248 65.625
115 234 82.125
115 220 51.5
115 181 22.5
115 173 17.875
115 171 19.25
115 144 98.625
115 105 57.5
115 91 85.75
115 85 43.125
115 81 87.75
115 72 58
115 70 45.5
115 46 70.5
115 44 12.375
115 34 97
115 30 41.25
115 29 99.125
115 28 77.5
115 21 58.125
115 10 83.5
116 250 21.125
116 165 20.5
116 147 93.5
116 142 2.375
116 135 70.625
116 129 8.375
116 115 83.25
116 113 56
116 105 8.625
116 53 63.875
116 48 50.125
116 36 8.25
116 34 89.375
116 2 94.25
117 226 92.875
117 223 75.75
117 218 64.375
117 214 25.375
117 210 72.125
117 175 20.625
117 161 21.875
117 159 1.5
117 132 20.25
117 115 15
117 114 58.375
117 107 68.875
117 82 65.625
117 4 64
118 256 86
118 248 57.625
118 245 93.875
118 225 77.125
118 208 49.125
118 202 79.75
118 200 80.75
118 193 27
118 174 98.875
118 157 64.375
118 105 48.125
118 80 87.25
118 65 73.875
118 62 78.5
118 51 44.375
118 49 26.875
118 39 36.375
118 23 17.5
118 3 72.75
119 253 36.625
119 229 21
119 215 5.5
119 182 47.25
119 176 47.75
119 118 85.5
119 99 44.875
119 95 92
119 94 7.375
119 85 51.375
119 80 4.625
119 79 40.625
119 60 81.375
119 51 50.5
119 46 30.75
120 251 25.625
120 242 50
120 231 87.5
120 213 31.125
120 199 64.375
120 143 4.625
120 134 42
120 108 64.125
120 68 37.5
120 60 65.125
120 38 65.25
120 30 85.25
120 20 7.75
120 19 0.5
121 220 19.875
121 164 76.375
121 152 59.25
121 126 23
121 118 85.375
121 106 59.25
121 98 33.25
121 70 42.75
121 54 87.875
122 253 52.75
122 248 92.625
122 233 38.25
122 208 5
122 202 28.875
122 179 95.75
122 172 86.375
122 168 82.875
122 153 14.875
122 151 81.375
122 144 48.875
122 135 76.25
122 126 33.5
122 88 57.125
122 83 50
122 78 55.5
122 68 78.875
122 60 48.125
122 59 50.875
122 5 52.625
122 4 30.375
123 213 88.25
123 198 56.375
123 195 30.875
123 177 15.75
123 174 62.625
123 161 74.25
123 146 25
123 142 47.75
123 83 55.375
123 57 51.375
123 47 18.875
123 7 68.75
123 1 21.125
124 247 95.375
124 246 93.5
124 233 97.625
124 186 84.875
124 146 17.375
124 140 62.5
124 111 59.625
124 69 39.25
124 52 99.125
125 241 82.375
125 222 32.25
125 189 50.25
125 180 56.125
125 177 80.5
125 173 70.5
125 152 51.625
125 84 76.625
125 35 62.875
125 32 71.375
125 30 89.25
125 11 66.5
125 4 82
125 2 84.375
126 250 43
126 215 2
126 205 23.125
126 187 13.75
126 185 47
126 178 33.375
126 159 66.75
126 153 55.625
126 152 9
126 150 28.375
126 146 8.25
126 123 80.625
126 122 72.375
126 109 79
126 100 37.5
126 97 59
126 93 72
126 89 99.375
126 82 41.75
126 19 23.625
126 17 17.625
126 3 20.125
127 231 17.125
127 205 31.75
127 185 19.5
127 182 14.625
127 154 20.25
127 147 24.5
127 122 70.5
127 93 91.125
127 87 52.5
127 84 25.5
127 72 0.875
127 12 82.5
128 254 46.625
128 249 48.875
128 240 4.5
128 177 97.75
128 172 11.875
128 152 45.875
128 131 50.5
128 107 43.5
128 106 92.75
128 90 72.375
128 87 88.375
128 44 24.375
128 43 19.5
128 29 14.375
128 28 99.125
128 21 99.625
128 9 27.75
129 256 19.25
129 254 47.5
129 230 26.125
129 228 71.625
129 223 34.25
129 214 32.375
129 203 54.5
129 190 17.75
129 170 70
129 146 19.75
129 127 98.75
129 112 50.125
129 111 10.375
129 90 19.5
129 89 7.375
129 78 51.875
129 76 7.875
130 253 13.75
130 249 28
130 216 25.5
130 194 4.375
130 188 2.625
130 180 75.875
130 176 96.625
130 162 5
130 128 72.125
130 119 64
130 112 90
130 98 22.75
130 89 44.125
130 78 4
130 42 65.375
130 29 76.375
130 27 31
130 21 46
130 13 53.75
130 2 45.375
131 219 25.5
131 164 63.625
131 160 44.25
131 158 95.25
131 157 76.75
131 132 48.875
131 87 57.25
131 80 65.25
131 57 78.375
131 52 46.875
131 11 75.25
132 248 59.625
132 213 2.25
132 195 14.75
132 172 82
132 110 52.125
132 88 56.375
132 74 90.5
132 66 7.75
132 15 92.75
132 11 6.875
133 252 38.75
133 207 14.5
133 162 67.125
133 158 65.625
133 81 77.5
133 79 64
133 55 11.125
133 53 13.5
133 43 53.25
133 39 18.125
133 31 92.625
133 29 97.625
133 21 30.5
133 19 52.5
133 4 95
134 253 78.625
134 215 93.625
134 211 54.625
134 197 9.25
134 171 11.75
134 145 61.75
134 138 91.25
134 132 50
134 127 45.125
134 123 34.125
134 112 36
134 68 67.375
134 59 16.375
134 53 48.875
134 51 79.625
134 49 68.5
134 22 11.125
134 15 18.75
134 2 15.875
135 246 38.375
135 236 21.875
135 196 15.875
135 184 77.75
135 166 25
135 151 23.125
135 150 97.5
135 147 91.875
135 113 29.375
135 75 23.5
135 71 74
135 24 9.875
135 1 92.75
136 239 5.25
136 171 16.375
136 153 48.5
136 108 67.75
136 97 83.75
136 88 24
136 82 88.75
136 77 68.125
136 51 14.375
136 40 29.25
136 28 33.875
137 254 83.375
137 253 2.5
137 235 12.375
137 233 76.875
137 232 20.625
137 199 56
137 182 21.25
137 165 57.375
137 123 34.75
137 95 23.125
137 85 3.375
137 81 58.125
137 78 65.875
137 76 38.375
137 70 77.625
137 49 77.5
137 47 80.125
137 32 5
137 14 77.125
137 13 62.125
137 1 6.25
138 225 16.625
138 219 38.625
138 203 22.5
138 184 92.25
138 175 25.25
138 170 50.125
138 163 67.75
138 158 84.875
138 157 92
138 156 19.625
138 126 27.125
138 122 44.375
138 115 53
138 104 33.875
138 90 37.75
138 69 4.75
138 62 20.625
138 58 57.125
138 46 43
138 37 70.5
138 19 60
139 242 54.375
139 216 61.875
139 211 7.625
139 208 19.875
139 180 94.25
139 169 28.375
139 159 9.5
139 104 61.375
139 96 44.125
139 72 12.875
139 70 0.75
139 31 57.125
139 16 78.125
140 208 19.125
140 203 8.75
140 199 64.25
140 191 99.875
140 176 32.125
140 169 17.875
140 141 37.375
140 112 28.375
140 83 60.75
140 51 36.625
140 5 21.125
141 256 50.5
141 240 1.375
141 182 91.125
141 172 47.125
141 157 76.125
141 156 84.625
141 146 42.125
141 119 10
141 106 81.75
141 81 2.375
141 78 27.375
141 32 84.25
141 23 33.875
141 17 25
142 250 95.5
142 245 94
142 243 51.75
142 228 69.25
142 217 42.125
142 184 54.75
142 131 40.125
142 119 76
142 112 56.75
142 87 64.25
142 52 24.875
142 41 27.625
142 39 3.875
142 34 11
142 19 11.875
142 18 35.125
142 17 71
142 16 23.625
143 255 91.875
143 247 70.125
143 194 80.75
143 178 43.25
143 171 51.25
143 156 6.25
143 107 36.75
143 105 37.5
143 78 99.25
143 70 66.75
143 56 94.75
143 36 13.25
143 26 9.375
144 251 40.375
144 240 65.625
144 221 20.625
144 214 72.875
144 199 98.375
144 166 99.625
144 161 34.25
144 156 85.125
144 135 91.5
144 111 24.5
144 101 94.625
144 91 60.25
144 69 56.25
144 53 65.375
144 37 43.875
144 17 92.125
144 9 81.875
144 3 11.875
145 251 46.875
145 250 86
145 229 77.375
145 227 67.875
145 213 17.625
145 207 54
145 202 9.375
145 182 19.375
145 173 6.25
145 127 91.5
145 98 85.875
145 43 18.5
145 21 78.875
145 16 61.375
145 1 79
146 239 8.75
146 236 48.625
146 222 44.75
146 216 80
146 191 44.25
146 160 28.125
146 152 1.125
146 143 12.125
146 126 64
146 122 75.125
146 103 24.875
146 73 46
146 71 89
146 60 80.125
146 45 56.875
146 22 78.375
146 15 72.875
146 2 72.75
147 250 1.25
147 234 85.25
147 200 55.125
147 194 16.625
147 156 52.75
147 152 93
147 135 20.875
147 114 7.875
147 62 11.125
147 43 31.25
147 12 18.125
147 11 96.5
147 9 87.75
147 8 86.625
148 249 90.125
148 245 65.375
148 230 58.125
148 199 23
148 196 72.625
148 182 10.875
148 179 20.875
148 133 46.75
148 124 96.875
148 119 72.75
148 80 46.75
148 75 62.5
148 70 87.125
148 68 87.875
148 55 52.875
148 53 35.625
148 49 69.5
148 44 99.125
148 28 17.125
148 16 18.125
148 1 52.125
149 238 1.375
149 235 0
149 220 91.125
149 198 9.25
149 116 44.375
149 106 54.25
149 46 70.5
149 39 42.25
149 21 87.25
150 199 87.875
150 170 66.125
150 151 44.5
150 144 70.125
150 105 13.375
150 95 13.375
150 45 94.375
150 23 44
151 242 30.25
151 240 21.25
151 239 87.625
151 231 93.125
151 216 97.375
151 199 9.25
151 198 37.875
151 182 94.25
151 172 42.25
151 171 5.125
151 166 42
151 161 77.5
151 131 68.25
151 123 72.375
151 118 97.625
151 115 12.25
151 108 12.75
151 82 4.625
151 72 1.25
151 64 76.875
151 50 8.125
151 25 91.375
151 22 36.25
151 4 10.125
152 243 96.5
152 241 98.5
152 232 89.125
152 214 45.375
152 199 61.875
152 198 26.25
152 174 73.375
152 130 36.875
152 111 21.375
152 69 36.5
152 28 78.75
152 13 6.25
152 1 20.375
153 238 45
153 233 56.875
153 224 33.75
153 181 11.125
153 132 14
153 93 36
153 80 94.25
153 68 18.75
153 52 91.5
153 30 23.75
153 8 7.125
153 3 67.875
153 1 78.625
154 236 74.125
154 229 83.375
154 194 31.5
154 193 69.125
154 180 39.5
154 178 36.75
154 176 8.625
154 173 62.125
154 151 19.5
154 150 28
154 123 74.5
154 97 87.125
154 86 17.375
154 72 22.25
154 67 76.375
154 60 73.375
154 49 74.25
154 35 6.375
154 32 40.875
154 28 20.25
154 20 11.25
154 16 6.25
154 7 40.25
155 239 81.875
155 222 78.25
155 221 30.125
155 215 26
155 205 41.125
155 187 58.875
155 161 36.625
155 119 13.25
155 82 64.75
155 67 30.625
156 238 54.625
156 216 90.75
156 198 9
156 197 23.875
156 171 93.25
156 163 51.375
156 160 99.125
156 154 80.75
156 132 74.375
156 106 37.375
156 77 95.25
156 74 16.875
156 72 95.875
156 60 49.375
156 48 30.875
156 47 20.875
156 29 47.75
156 21 31.625
156 7 46.25
157 252 1.25
157 232 39.5
157 221 30.5
157 217 50.875
157 198 17.5
157 153 73.125
157 76 50.875
157 70 89.375
158 238 54.875
158 231 81.75
158 177 74.75
158 129 48.875
158 125 41.25
158 78 15.5
158 71 39.375
158 48 36.125
158 46 14.375
158 35 69.5
158 26 77.25
158 21 21.625
158 5 80.875
159 224 12.625
159 223 43.375
159 194 20.625
159 190 12.75
159 184 44.125
159 174 6.625
159 135 32.25
159 127 72.125
159 105 2.125
159 90 12.625
159 72 56.375
159 63 77.875
159 55 50.75
159 28 28.625
159 7 52.5
160 229 90.5
160 228 46.375
160 227 31.125
160 208 0.75
160 183 85.625
160 151 59
160 143 54.5
160 135 94
160 106 97.75
160 68 36.75
160 28 4.875
160 14 71.875
160 13 55.625
161 241 15.75
161 238 98.25
161 226 33.875
161 190 52.875
161 186 75.25
161 168 47.875
161 159 84.375
161 158 19.25
161 141 11.5
161 139 31.75
161 138 92.5
161 130 61.25
161 126 3.5
161 115 79.75
161 98 58
161 73 5.375
161 59 80
161 51 28.875
161 47 87.625
161 42 5.375
161 29 34.875
162 249 39.375
162 213 79.375
162 202 62
162 180 33.25
162 178 92.75
162 150 40.375
162 125 36.375
162 117 76.625
162 81 21.5
162 80 30.625
162 72 28.375
162 24 28.25
163 241 23.875
163 218 81.75
163 193 94.5
163 160 74.625
163 152 43.875
163 143 81.25
163 81 91.875
163 52 81.375
163 24 31.375
163 4 36.125
163 1 20.375
164 251 45.25
164 209 22.25
164 205 99.375
164 198 11.125
164 192 0.625
164 190 47.125
164 168 18.5
164 163 53.5
164 151 7.875
164 81 24.75
164 77 79
164 45 75
164 9 19.75
164 7 96.25
165 194 56.375
165 189 39
165 131 81.5
165 126 55.25
165 82 53.75
165 62 21.875
165 61 15
165 45 84.75
165 12 19.625
166 241 35
166 238 36.25
166 233 23.5
166 211 39.5
166 193 44.75
166 192 76.5
166 190 39.25
166 162 37.125
166 158 39.5
166 154 57.875
166 151 86.125
166 141 52.5
166 85 91.25
166 78 42.5
166 77 6.125
166 72 86.75
166 49 97.625
166 37 31.375
167 253 0.375
167 221 1.875
167 212 97.5
167 201 24.75
167 198 79.625
167 196 96.375
167 192 87.5
167 170 83.25
167 164 77.125
167 123 47.625
167 118 82.375
167 106 85.375
167 77 87.375
167 73 86.5
167 72 24.625
167 68 94.25
167 65 98.625
167 61 52.25
167 46 77.5
167 43 63.5
168 253 62.5
168 239 81.75
168 218 92.875
168 192 18.125
168 158 90
168 122 22.25
168 110 7.25
168 86 38.25
168 82 48.625
168 42 7.625
168 41 4.125
168 33 58.25
168 28 86.125
168 27 87.375
168 21 5
169 256 63.625
169 211 83
169 210 69.375
169 199 79.5
169 191 16
169 168 45.75
169 165 29.875
169 136 4.875
169 135 77.625
169 134 45.875
169 108 80.125
169 89 14.375
169 43 24.625
169 39 40.625
169 33 3.5
169 31 2.5
169 27 49.875
169 7 0.25
170 250 33.625
170 244 61.5
170 239 18
170 227 78.875
170 187 27.25
170 182 45.125
170 181 37.875
170 171 34.5
170 148 5.625
170 123 50
170 99 8.75
170 90 69.125
170 58 54.25
170 48 88
170 40 66.5
170 38 9.625
170 11 56.75
171 249 0.125
171 235 27.75
171 234 56.875
171 209 63.875
171 201 1.25
171 187 67.5
171 170 34.75
171 155 4.625
171 147 76.875
171 141 7
171 126 36.25
171 92 81.625
171 86 39.75
171 83 59
171 58 32.5
171 27 14.75
171 12 92.75
171 11 54.5
172 222 97.125
172 206 14
172 189 80.75
172 183 44.875
172 182 71.5
172 148 14.125
172 117 97.25
172 98 97.375
172 93 66.5
172 80 72.125
172 65 47.75
172 58 51.75
173 239 87.5
173 211 37
173 184 62.875
173 168 47.125
173 165 56.875
173 147 11
173 113 84.375
173 97 0
173 95 85.5
173 80 91
173 73 28.25
173 72 27.625
173 71 14.5
173 39 36
173 23 62.375
174 248 78
174 244 21.5
174 240 28
174 236 2.75
174 228 16.75
174 216 6.375
174 201 81.75
174 186 17
174 150 44.125
174 140 37.625
174 112 57.625
174 105 63.875
174 100 95.75
174 96 66
174 58 18.375
174 52 86.5
174 44 32.25
174 37 16.875
174 19 81.875
174 3 91
175 253 55
175 247 26.625
175 244 24.25
175 239 29.625
175 230 72
175 224 68.125
175 191 44.5
175 138 11.875
175 135 7.375
175 128 15.25
175 100 54.375
175 76 4.625
175 73 3.5
175 60 41
175 59 53.25
175 36 64.875
175 11 94.875
175 9 66.75
176 234 34.5
176 220 69.625
176 198 96.25
176 196 50.625
176 168 45.5
176 148 2.375
176 71 48.75
176 58 28.625
176 43 76.875
177 252 67
177 206 73.375
177 150 61.125
177 135 94.25
177 127 9.5
177 116 74.875
177 113 81.125
177 97 3.75
177 81 4.125
177 41 7.625
177 24 53.375
177 6 53.125
178 255 8.625
178 229 81.5
178 219 81.5
178 198 49.75
178 163 65.375
178 159 89.625
178 135 36.875
178 97 44
178 93 84.125
178 73 59.25
178 55 18.25
178 29 67.5
178 24 39
178 14 27.125
179 254 53.125
179 252 1.25
179 242 22.625
179 226 51.875
179 214 5.25
179 211 45.875
179 189 17.125
179 184 90.25
179 171 19.625
179 167 40.875
179 135 95.375
179 115 2.125
179 82 21.5
179 75 15.75
179 73 34.375
179 46 81.375
179 41 56
179 29 79.75
179 12 9
179 6 66
179 4 19.375
180 248 99.25
180 240 16.125
180 221 75
180 178 49.625
180 159 2.5
180 153 82
180 145 50.625
180 130 15.25
180 120 23.25
180 61 94.5
180 53 98.375
180 48 73
180 29 71.875
181 252 36.625
181 239 12.125
181 233 50.375
181 231 55.25
181 220 9.5
181 207 58.125
181 206 95
181 191 87.75
181 189 8.75
181 186 57.625
181 174 80.25
181 163 79
181 140 31.5
181 139 71.875
181 129 63.875
181 117 43.5
181 94 28.5
181 87 60.125
181 80 38.875
181 65 8.875
181 47 41.5
181 4 41.625
182 253 83.25
182 206 29.25
182 181 75.25
182 116 88.625
182 92 35
182 75 98.75
182 73 84.25
182 52 10.125
182 47 14.375
182 34 4.5
182 30 97.5
182 6 30.25
183 251 91.75
183 241 96.375
183 202 90.375
183 197 40.75
183 194 30.625
183 193 22.75
183 187 51
183 145 23.5
183 141 71.875
183 136 95
183 133 86.375
183 111 27.75
183 82 12.875
183 81 10.875
183 32 52.25
183 30 9
183 28 52.25
183 24 78
183 18 99.625
183 3 56.75
184 232 26.75
184 182 26.375
184 150 64.125
184 129 34.125
184 126 89.75
184 119 44.75
184 115 11.625
184 114 11.125
184 107 7
184 93 97.625
184 89 20.125
184 81 78.25
184 64 65.5
184 29 2.5
184 11 86.75
185 236 19.5
185 224 1
185 223 7.875
185 170 18.125
185 162 68.625
185 146 92.125
185 141 58.5
185 124 92
185 123 39.5
185 91 46.625
185 78 2.125
185 74 78.375
185 66 96.625
185 58 51.875
185 45 27.25
185 30 2.375
185 15 6.75
185 8 53.875
185 7 65
186 220 47.125
186 181 73.5
186 164 10.125
186 160 61.75
186 154 28.375
186 125 48.5
186 108 92.75
186 86 86.25
186 67 18.875
186 34 94.625
186 29 47.875
186 25 52.125
186 14 7.125
187 237 55.375
187 205 70.875
187 165 33.125
187 151 94
187 146 45
187 117 14
187 110 78.625
187 106 38.25
187 83 48
187 69 72
187 68 55
187 65 68.125
187 49 66.75
187 28 7.5
187 18 99.25
187 1 0.875
188 247 48.375
188 223 14.875
188 214 57.625
188 211 82.375
188 186 82.875
188 137 78.75
188 135 15.625
188 108 63
188 69 26.375
188 44 98.125
188 42 14.625
188 15 83.5
188 12 70.125
189 237 93.625
189 228 62.375
189 220 91.125
189 219 12.25
189 218 0.5
189 216 67.75
189 203 44.375
189 200 51.625
189 191 32.625
189 132 66.5
189 107 28
189 97 99.125
189 69 36.5
189 63 69.125
189 47 79.375
189 45 40.5
189 33 41.75
189 31 18.25
189 30 1.625
189 5 23.5
190 246 44.75
190 234 5.25
190 229 34.125
190 211 68.25
190 198 32
190 138 93.875
190 113 35.25
190 97 17.125
190 91 52.625
190 78 60.75
190 68 96.625
191 250 88.125
191 229 20.25
191 217 98.5
191 212 73.875
191 176 68.625
191 169 34.375
191 163 87.25
191 123 55.5
191 94 16.75
191 91 80.875
191 81 79.5
191 71 82.75
191 36 55.375
191 28 37.5
191 21 49.125
191 19 80.625
192 236 96.625
192 218 30.75
192 204 49
192 187 48.125
192 184 62.75
192 179 72.75
192 172 48.5
192 167 89.375
192 153 62.125
192 135 23.125
192 129 78.75
192 127 50.75
192 125 77
192 97 78.625
192 64 98
192 16 15.125
192 15 29
193 243 12.75
193 168 99
193 153 33.5
193 140 85
193 137 42.875
193 124 81.25
193 101 17
193 96 13.625
193 88 27.75
193 44 57.25
193 42 22.5
193 15 34.625
193 14 46.375
193 13 41.375
193 5 58.125
194 256 4.875
194 255 80.375
194 214 0.625
194 182 83.75
194 181 12.75
194 177 26
194 123 98.5
194 79 5.75
194 53 80.5
194 43 58.5
194 29 90.125
194 15 94.625
195 256 71.625
195 232 45
195 191 0.25
195 189 27.5
195 172 63.125
195 163 72.75
195 160 26.375
195 129 76.75
195 126 53.25
195 114 49.375
195 103 90.375
195 95 28.375
195 94 5.375
195 78 93.375
195 55 70.25
195 42 57.125
195 19 17.75
196 251 97
196 216 92.25
196 204 36.375
196 184 75.625
196 182 48.5
196 180 44.25
196 174 0.625
196 163 60.75
196 158 27.125
196 157 70.625
196 139 10.25
196 130 22.75
196 123 72.125
196 80 29.375
196 51 29.875
196 43 0.875
196 39 10.125
196 15 98.375
196 6 93.25
197 211 75.5
197 193 77.25
197 192 59
197 174 13.5
197 173 23.25
197 165 44.625
197 145 70.25
197 132 63.375
197 131 95.5
197 130 41.75
197 72 58.875
197 40 69.25
197 37 6.5
197 34 10.125
197 33 25.125
197 6 48.25
198 244 37.25
198 237 66.875
198 209 91.875
198 196 36.5
198 170 25.375
198 169 76.625
198 145 67.125
198 144 24.875
198 125 66.875
198 88 76.5
198 78 9.875
198 10 50
199 251 89.875
199 248 30.75
199 226 31.125
199 186 17.25
199 184 79.75
199 172 54.5
199 164 92.25
199 159 37.5
199 142 60.75
199 140 10.875
199 132 49.875
199 114 49.75
199 101 48.25
199 62 39.25
199 24 44.375
200 246 93.75
200 245 2.375
200 216 49.25
200 213 91.75
200 170 63.375
200 169 12.5
200 165 57.875
200 164 67.25
200 59 16.75
200 52 74.375
200 51 4.5
200 43 96.875
200 40 34.125
200 37 54.875
200 32 29.875
201 250 79.125
201 249 21.125
201 238 67.25
201 217 70.25
201 200 54
201 176 8
201 160 97
201 157 23.5
201 140 1.375
201 139 62.5
201 128 52.125
201 121 5.625
201 88 62
201 51 32.25
201 22 19.75
201 11 14.375
202 256 83
202 252 73.375
202 217 56.125
202 197 82
202 194 56.5
202 169 61.5
202 146 39.375
202 96 98.5
202 90 55
202 84 54
202 26 3.125
202 12 0.75
203 255 56.875
203 247 79.125
203 231 47.375
203 225 26.625
203 193 21.5
203 159 70.625
203 126 95
203 97 84.125
203 77 3.125
203 31 70.375
203 29 51.875
203 27 68.75
204 256 53.375
204 250 36.125
204 231 32.625
204 229 26.75
204 216 65.5
204 209 24.375
204 203 5.875
204 180 4
204 176 0
204 170 89.625
204 157 94.75
204 139 42.125
204 97 33.125
204 79 96.5
204 78 85.875
204 71 75.875
204 64 71.875
204 40 38.625
204 38 87.375
204 35 57.25
204 10 14.875
205 253 59.375
205 250 72.75
205 242 95.875
205 220 49.75
205 211 91.75
205 203 67.625
205 196 53.625
205 172 63.375
205 157 60.375
205 148 1.875
205 130 47.875
205 126 30.625
205 125 33.25
205 93 93.5
205 72 45.375
205 59 6.875
205 52 66.25
205 42 85.625
205 32 74
205 14 85.875
206 246 2.625
206 237 68
206 234 82.75
206 229 67
206 213 59.875
206 207 65
206 191 89.5
206 174 42
206 171 48
206 169 58.625
206 91 90
206 90 39.875
206 85 7.75
206 79 26
206 76 36.375
206 71 84.75
206 37 78
206 32 40.125
206 25 62.375
206 23 2.875
206 9 2.625
207 218 11.875
207 214 0.875
207 208 65.75
207 206 30.125
207 198 39.25
207 181 23.125
207 150 78.25
207 147 57.5
207 134 89.25
207 108 99.875
207 103 94.875
207 74 65.5
207 65 69.25
207 62 7
207 54 97.625
208 255 83
208 239 18.625
208 197 83.625
208 190 0
208 188 77.875
208 186 14
208 177 15.125
208 163 22.125
208 140 88.625
208 139 74.25
208 122 46
208 99 97.25
208 97 31.25
208 86 99.25
208 71 65.875
208 70 34.375
208 68 42.375
208 67 66.875
208 59 29.5
208 53 52.25
208 48 44.5
208 45 92
208 23 67.5
208 15 44.5
209 242 80.125
209 237 27.875
209 219 17.25
209 216 15.75
209 174 94.25
209 170 95.25
209 161 95.875
209 138 25.25
209 116 9.625
209 105 98.125
209 82 8.5
209 69 43.5
209 62 79.375
209 61 54
209 51 98.125
209 9 23.125
209 7 4.5
209 4 8.875
209 3 36
210 220 78.75
210 211 34.25
210 183 66.25
210 180 92.5
210 148 46.375
210 119 51
210 113 21.625
210 78 92.5
210 75 78.75
210 58 1.625
210 50 23.125
210 38 56.25
210 25 28.5
210 18 88.75
211 256 30.75
211 200 27.125
211 192 45.75
211 181 94.875
211 171 79.375
211 169 6.25
211 161 33.875
211 143 73
211 138 12.125
211 112 47.375
211 97 68
211 96 63.5
211 79 80.25
211 63 60.125
211 49 73
211 39 24.5
211 14 11.375
212 247 0.25
212 244 3.375
212 242 13.125
212 215 90.25
212 206 94.875
212 202 49.25
212 178 25.625
212 166 82.75
212 158 19.625
212 142 17.875
212 130 56.75
212 128 42.625
212 122 51.125
212 102 14
212 98 95.375
212 85 10
212 76 1.125
212 57 92.25
212 55 29
212 52 93.5
212 29 63.25
213 239 62.25
213 232 23.375
213 230 76.625
213 223 45.5
213 212 69.75
213 203 95.875
213 190 96.75
213 154 67.125
213 151 56.5
213 116 13.375
213 107 0.625
213 99 94.625
213 95 12.875
213 67 52.125
213 57 59.5
213 51 31.75
213 44 33.875
213 15 29.75
214 248 98.125
214 225 0
214 211 19.375
214 203 59.875
214 198 25.625
214 184 9.625
214 181 75.25
214 150 58.125
214 144 89.375
214 103 0.25
214 98 63.25
214 83 64.75
214 51 7.375
214 42 99.25
214 19 25.875
215 222 44.5
215 221 48.375
215 209 37.375
215 204 30.5
215 173 72.125
215 145 65
215 121 2.875
215 115 21.875
215 52 85.125
215 21 32.625
215 19 34.375
216 254 52.875
216 251 88.125
216 245 81.75
216 232 70.375
216 213 91.5
216 201 52
216 158 33.25
216 152 2.375
216 134 50.375
216 125 81.625
216 122 25.25
216 104 24.125
216 91 99
216 84 93.625
216 82 63.5
216 56 47.75
216 50 58.125
216 43 54.625
216 41 64.5
216 14 90
216 12 77.25
216 11 48.375
217 244 32.875
217 235 41.5
217 225 81
217 222 61.125
217 208 64.75
217 176 85
217 169 8.625
217 157 47.125
217 155 84.25
217 98 78.125
217 96 58
217 92 0.625
217 89 2.25
217 80 63.75
217 72 20
217 66 37.5
217 44 14.625
217 36 65.5
217 21 10.75
217 9 19.25
218 251 61.25
218 225 43.375
218 207 8.25
218 173 40
218 172 73.625
218 155 10.125
218 135 92.75
218 94 27.5
218 80 6
218 76 77.875
218 75 2.375
218 64 26.25
218 59 1.125
218 23 96
219 254 95.75
219 228 51.5
219 226 59.125
219 201 29.25
219 198 3.125
219 184 0.375
219 173 36.75
219 151 47.25
219 129 12.625
219 112 1.875
219 92 96.375
219 70 36
219 63 3.625
219 52 95
219 51 37
219 45 91.25
219 41 61.25
219 23 92.5
220 246 4.875
220 227 57.125
220 217 78.875
220 196 3.75
220 185 41.25
220 180 11.875
220 165 4.5
220 139 94.375
220 124 48.5
220 48 66.25
220 46 21.75
220 43 44.75
220 34 73.875
220 21 44.5
220 2 7.625
221 255 19.75
221 254 81.625
221 234 17.25
221 197 60.75
221 196 58.25
221 182 88.125
221 136 89
221 110 68.125
221 102 82.25
221 16 64.375
222 248 99.875
222 216 48.625
222 214 89.75
222 187 58.75
222 172 22.75
222 168 71.625
222 136 53.125
222 121 25.625
222 106 73.25
222 57 80.875
222 33 32.75
222 12 69.5
222 11 77.875
223 254 81
223 252 48.75
223 240 29.875
223 217 64.75
223 200 26.75
223 192 71.5
223 191 15.625
223 184 49.25
223 183 7.625
223 179 65.625
223 150 58.875
223 131 28.375
223 130 83.25
223 108 81.5
223 97 42.125
223 84 25.75
223 77 96.25
223 46 44.5
223 15 80.25
223 10 85.875
224 249 22.375
224 247 45.75
224 244 37
224 208 8.875
224 195 8.125
224 174 79.125
224 172 35.125
224 168 27
224 159 57.375
224 156 23.5
224 153 6.75
224 149 43.875
224 136 52.75
224 129 85.25
224 128 31.125
224 124 38.25
224 113 42.5
224 97 18
224 63 43.75
224 59 25.75
224 42 60.875
224 31 37.875
224 11 30.625
224 9 0.625
225 251 13.75
225 232 78.75
225 226 63.25
225 209 23.5
225 185 54.75
225 182 91.125
225 175 31.375
225 164 77.375
225 138 87.75
225 123 26.375
225 122 40.25
225 120 24.75
225 117 24.625
225 100 54.75
225 95 15.375
225 46 57.375
225 36 90.875
225 35 88.25
225 22 60.125
225 21 11.5
225 18 6
226 248 89.75
226 184 30
226 183 72.375
226 170 48.25
226 147 33
226 132 5.5
226 125 84.375
226 122 67
226 94 28.25
226 92 88.875
226 79 57.25
226 66 39.25
226 47 29.375
226 16 43.5
226 10 80.625
227 256 28.625
227 253 94.625
227 217 13
227 214 98.75
227 211 78.125
227 208 79.875
227 191 45.125
227 118 9.125
227 110 40.125
227 104 40.125
227 89 76.75
227 85 59.625
227 73 74
227 63 40.25
227 56 35.375
227 32 34
227 12 45.75
228 246 34.5
228 213 8.375
228 210 15
228 207 63.375
228 204 13.125
228 175 86.375
228 167 22.375
228 164 52.5
228 158 52.75
228 143 68.75
228 135 17.875
228 104 96.125
228 45 83
228 43 18.75
228 39 8.625
228 31 3.25
228 27 7.625
228 25 79
228 19 52.125
228 11 54.5
229 255 69.875
229 228 97.875
229 190 24.875
229 185 84.25
229 169 55.75
229 155 50.5
229 137 85.125
229 94 8
229 78 59.125
229 77 22.75
229 44 7.375
229 38 26.75
229 37 62.5
229 36 34.875
229 35 16
229 13 60.875
230 253 50.375
230 237 71.375
230 210 88.25
230 208 15.125
230 201 59
230 195 94.375
230 183 73.125
230 118 73
230 93 25.125
230 81 52.375
230 79 98.625
230 60 60.875
230 53 53.625
230 46 45.375
230 22 70.125
230 10 59.125
231 232 76.5
231 226 49.75
231 219 57.75
231 211 21.625
231 179 3.625
231 166 82.75
231 160 24.625
231 147 21
231 140 70
231 128 10.375
231 121 33
231 119 64.875
231 92 68
231 45 42
231 21 55.875
231 9 96.25
231 7 24.875
232 236 61.5
232 217 52.25
232 173 33
232 172 79.75
232 165 28.25
232 141 29.5
232 128 67.25
232 122 38.875
232 105 37.625
232 88 45.875
232 86 74.125
232 76 73
232 74 12.875
232 68 74.25
232 66 63
232 63 71.75
232 58 69.625
232 51 60.125
232 48 63.625
232 43 11.25
232 42 34.5
232 16 48.375
232 2 74
233 212 14.25
233 206 7.875
233 187 99.625
233 164 75.125
233 149 60.125
233 137 1.75
233 105 64
233 84 48.875
233 47 1.625
233 43 20.875
233 40 86.875
233 35 30.25
233 23 85.25
233 22 30.125
233 19 87.375
234 181 9.5
234 117 57.625
234 115 88.375
234 111 16.375
234 97 59
234 90 69.25
234 74 86.25
234 24 63.125
234 18 17.625
234 15 84.625
234 1 92.625
235 249 30
235 168 57.5
235 165 48.5
235 163 80.625
235 145 35.375
235 143 81.875
235 138 67.75
235 126 40.25
235 125 1.375
235 119 53.5
235 103 37
235 98 0.25
235 72 1.125
235 67 23.625
235 27 93.125
235 26 43
235 20 27.375
236 253 61.5
236 245 50.625
236 238 61.125
236 229 74.75
236 223 36.25
236 197 69.375
236 157 70.375
236 114 52.25
236 52 6.125
236 51 12.625
236 17 91.875
237 235 52
237 206 30.875
237 205 35.25
237 188 19.875
237 153 29.625
237 146 47
237 133 36.375
237 118 93.5
237 90 76.625
237 87 70.75
237 83 79.125
237 79 49.625
237 77 88
237 56 64.625
237 51 61.5
237 42 41.625
237 39 17.5
237 37 37.75
237 32 13.375
237 21 45.75
237 12 79.625
238 241 92
238 199 93.5
238 198 69.375
238 177 98
238 161 96.75
238 125 53.875
238 105 92.75
238 71 17.25
238 64 32.375
238 61 24.75
238 44 51.75
238 40 28.5
238 38 18.125
238 32 42.875
238 12 10.375
238 5 88.25
239 236 66.5
239 222 75.125
239 205 76
239 204 76.375
239 165 9.125
239 147 78.375
239 131 94
239 129 0
239 101 68.625
239 97 61
239 89 87.875
239 57 0.875
239 46 92.25
239 26 55.5
239 22 80.25
240 208 29.125
240 205 39.75
240 196 25.25
240 177 58
240 159 68.25
240 153 86.5
240 138 61.5
240 90 5.875
240 77 68.375
240 62 28.875
240 61 31
240 60 78.375
240 57 66.25
240 47 11.75
240 9 93.625
240 3 78.875
241 232 30.375
241 222 2.875
241 199 16.5
241 185 98.25
241 181 46.375
241 169 36.5
241 165 99.375
241 160 32.25
241 138 67.75
241 131 65
241 127 97.375
241 116 25.75
241 106 29.625
241 94 55.875
241 84 69.625
241 70 13.375
241 68 34.125
241 64 84.625
241 63 98.375
241 60 5.875
241 44 79.25
241 38 47.625
241 28 86.875
241 21 74
242 228 90
242 226 28
242 205 34.5
242 200 62
242 199 68.5
242 191 57.125
242 189 68.75
242 180 44.875
242 163 88.375
242 159 69.875
242 141 18.25
242 115 37
242 86 52.625
242 64 39
242 50 98.5
243 246 29.75
243 227 52.125
243 211 45.5
243 179 55.875
243 170 23.125
243 144 84.5
243 139 89.75
243 125 49.375
243 83 90.5
243 80 17.25
243 55 61.75
243 37 26.875
243 31 70.125
243 19 38.5
244 235 39.5
244 189 15.875
244 188 2.25
244 178 84.5
244 134 99.875
244 133 10
244 111 1.625
244 97 46.75
244 83 98.25
244 65 69.25
244 60 83
244 53 39.5
244 19 67.5
244 18 56.5
244 6 2.875
245 248 78.25
245 229 67.375
245 224 20.5
245 210 78.625
245 187 19.875
245 178 51.625
245 153 35.5
245 117 92
245 100 23.875
245 91 75.875
245 42 46.875
245 14 33.375
245 12 52
246 223 52.125
246 221 19.125
246 219 69.375
246 192 49.75
246 180 20
246 164 4.5
246 121 50.375
246 102 0.875
246 84 22.875
246 75 53
246 72 15.125
246 49 83.25
246 41 95.125
246 8 39.125
247 251 17.25
247 248 70.375
247 242 23.5
247 196 1.125
247 189 55
247 177 65.75
247 156 82.875
247 155 8.5
247 151 90.125
247 147 2.875
247 128 14.375
247 115 96.375
247 114 41.375
247 93 25.875
247 76 44.625
247 50 92.625
247 48 73.125
247 38 76.375
247 17 33.125
247 7 93.75
247 4 41.75
248 225 93.375
248 219 59.625
248 214 44.625
248 177 22.375
248 141 44.375
248 139 40.625
248 136 33.25
248 131 63.75
248 114 3.75
248 110 47.375
248 95 50.5
248 58 75.75
248 47 51.25
248 44 55.125
248 40 39.125
248 36 77.875
248 29 43.75
248 27 76.25
248 26 88.625
248 1 67.5
249 245 75.875
249 244 27.375
249 241 6.375
249 212 60.75
249 204 48.375
249 200 85.5
249 156 95.75
249 140 85.625
249 136 53.75
249 109 99.75
249 101 87.25
249 64 67.75
249 59 19
249 57 36.5
249 30 82.5
249 26 8.875
249 2 92
250 244 82.75
250 240 94.5
250 195 31.5
250 173 88.25
250 134 32.75
250 116 0.875
250 101 58.5
250 88 36.375
250 86 40.75
250 85 79.125
250 66 75.375
250 63 29.125
250 62 95.625
250 43 64.875
250 22 89.375
250 19 15.75
251 255 50.875
251 249 87.25
251 219 44.375
251 216 22.25
251 193 13.25
251 182 96.625
251 180 36.125
251 162 95.5
251 154 60.5
251 142 47.5
251 117 46.375
251 110 43.875
251 76 16.375
251 70 63.625
251 53 82.875
252 253 54.25
252 223 44.75
252 220 35
252 208 55.75
252 204 92.375
252 200 9.125
252 158 77.375
252 151 59.125
252 146 31.625
252 105 30.625
252 65 75.25
252 59 42.625
252 47 45.875
252 45 95.25
252 43 31.875
252 41 11.5
252 25 45.875
252 21 50.625
252 18 84.375
252 17 20.375
253 248 77.5
253 236 34.375
253 232 21.875
253 200 45.125
253 198 11.75
253 187 67.25
253 180 8.625
253 166 67
253 149 88.25
253 136 30.5
253 135 5.125
253 131 81.625
253 124 46.125
253 95 11.5
253 75 24
253 60 78.5
253 46 61.125
254 256 6.25
254 248 4.25
254 235 3.375
254 224 83.25
254 201 82.25
254 181 39
254 157 91
254 116 83.375
254 77 32.625
254 67 15.375
254 56 36.25
254 19 25
254 9 70.25
254 7 35.75
255 235 20
255 231 8
255 229 45.625
255 226 80
255 224 32.625
255 222 99.75
255 211 28.375
255 206 62.25
255 197 32.875
255 192 1.125
255 181 5.375
255 141 60.75
255 137 88.875
255 134 93.75
255 126 35
255 125 8.5
255 97 95.75
255 77 44.75
255 30 47.75
255 26 79
256 253 64.75
256 244 49
256 222 47.125
256 218 49.75
256 214 33.125
256 213 59.375
256 202 17.25
256 192 50.125
256 150 13.75
256 149 13.375
256 146 54.625
256 139 23.625
256 117 78.875
256 112 94.25
256 101 18.25
256 82 92.75
256 61 76.25
256 50 1.625
256 47 4.875
256 20 3.125
