dl
format=edgelist1
n=256
data:
1 243 95
1 199 8.75
1 176 76.25
1 132 1
1 76 74.5
1 72 94.875
1 56 80.25
1 39 55.875
1 18 53.5
2 223 51.375
2 173 26.375
2 167 62.625
2 154 31.75
2 82 31.25
2 65 66.75
2 64 9
2 62 91.125
2 41 8
2 40 14.625
2 32 86
2 12 54.375
2 4 83.25
3 248 52.75
3 247 68.875
3 243 58.375
3 228 45.375
3 194 54.25
3 175 33.625
3 164 99.25
3 141 81.875
3 129 35.5
3 113 97.375
3 88 52.5
3 66 84.875
3 49 44.875
3 45 10.25
3 16 78.5
3 5 9.5
4 246 7.5
4 241 74
4 229 84.75
4 213 10
4 204 47.125
4 197 18.5
4 187 95
4 181 66.375
4 175 4.25
4 149 47.875
4 147 98.625
4 139 38.25
4 129 36.25
4 122 49.25
4 113 62.875
4 69 80.875
4 63 53.875
4 34 86.375
4 23 43.375
4 17 51
4 15 82.125
4 14 75.25
4 12 16.875
4 5 31
5 232 98.875
5 231 68.375
5 177 51.125
5 160 64.625
5 114 84
5 99 10.25
5 84 87.5
5 40 84.25
5 26 21.375
5 17 24
5 14 5.5
5 10 98.5
5 4 96.5
6 251 44.625
6 244 64.75
6 236 62.5
6 235 15.125
6 226 61
6 201 31.375
6 194 11.625
6 176 56.75
6 141 96.125
6 134 51.625
6 132 5.625
6 106 78.25
6 92 84.75
6 2 54.125
7 219 78.625
7 215 92.75
7 206 64.25
7 192 5.625
7 185 20.75
7 160 3.875
7 153 18.25
7 141 93.125
7 120 29.375
7 111 27.5
7 102 4.375
7 97 97.125
7 90 39.5
7 88 77.25
7 87 93.75
7 84 47.375
7 62 20.875
7 44 98.875
7 25 62.375
7 8 75.25
7 5 12.75
8 225 75
8 223 66.875
8 221 69.875
8 214 49.625
8 212 99.375
8 199 8
8 197 97
8 175 34.875
8 160 68.25
8 150 33.25
8 115 16.375
8 114 31.375
8 109 49.25
8 83 78.375
8 65 60.625
8 56 37.875
8 12 73.375
8 7 52
8 2 86.375
9 246 95.75
9 245 62.25
9 233 48
9 214 99.625
9 212 18
9 190 92.75
9 180 59.125
9 157 85.875
9 115 8.875
9 112 14.125
9 98 38.875
9 94 14.875
9 61 39.125
9 59 16.875
9 38 92.625
9 33 22.125
9 17 51.5
9 4 21.375
9 3 18.25
10 255 89.125
10 214 76.25
10 208 51.5
10 194 67.25
10 192 56
10 191 3.75
10 190 56
10 184 58
10 169 27
10 157 4.25
10 139 13.125
10 96 21.25
10 90 92.25
10 71 96.625
10 27 5.125
10 12 78.875
11 255 95.875
11 252 24.75
11 238 58.375
11 237 67.75
11 235 93.625
11 208 74.125
11 202 61.625
11 193 68.375
11 150 27.25
11 115 40.625
11 114 42.375
11 111 21.875
11 109 40.125
11 104 13.5
11 83 81.75
11 78 1.25
11 67 52
11 55 56.5
11 40 30.875
11 38 64.75
11 15 49.875
11 12 66.125
11 6 64.75
11 5 91.5
12 215 47.75
12 208 27.375
12 202 44.125
12 184 68.75
12 141 31.125
12 131 75.625
12 127 42.125
12 101 94.75
12 84 12.875
12 68 22.875
12 37 95.25
12 22 6.5
12 4 32.75
12 2 39.125
13 255 42.75
13 240 13
13 232 64.75
13 220 42.5
13 205 33.75
13 200 97
13 182 34.25
13 136 24.875
13 119 61.375
13 57 16
13 54 12.625
13 42 83.25
14 225 82.625
14 223 85.625
14 219 8.875
14 186 43.125
14 161 10.625
14 142 11.75
14 127 29
14 115 71.25
14 53 60
14 41 39.25
14 19 98.625
15 244 14.125
15 237 99.125
15 230 85.625
15 196 54.25
15 193 26.75
15 191 37.25
15 177 10
15 137 79.625
15 129 16.25
15 128 45.75
15 119 92.375
15 105 65.875
15 97 85.75
15 85 79.75
15 74 23.75
15 67 21.25
15 66 55.25
15 47 57.75
15 4 79
15 3 59.625
16 242 30.875
16 236 54.75
16 230 90
16 205 60.625
16 197 86
16 192 65.75
16 190 74.25
16 163 91.375
16 134 97.75
16 129 80.125
16 126 71.375
16 124 30.25
16 123 0.375
16 98 41
16 94 42.125
16 77 4.875
16 22 24.75
16 2 94.625
17 239 93.125
17 220 19.5
17 216 7.375
17 212 63.625
17 201 13.5
17 200 31.875
17 196 69
17 163 79.625
17 154 95.25
17 153 59.375
17 126 41.875
17 122 28.625
17 108 14.375
17 89 38.375
17 67 9.875
17 53 12.75
17 49 9.5
17 29 45.25
18 256 16.75
18 254 37.375
18 243 9.375
18 192 29.625
18 190 83.125
18 184 64.625
18 180 10.5
18 165 46.5
18 137 22.375
18 119 54.75
18 94 9.625
18 70 48.375
18 53 87.75
18 47 59.375
18 12 52.625
19 233 17.125
19 225 35.125
19 215 69.125
19 213 45.375
19 202 93.25
19 185 71
19 155 18.875
19 149 3.375
19 127 42.625
19 126 15.5
19 102 16.875
19 98 81.75
19 96 24.5
19 95 93.5
19 42 85.75
19 34 48.75
19 16 89.375
19 14 6.875
19 12 87.125
19 1 67.625
20 230 76.25
20 213 51.375
20 212 65.125
20 209 44.75
20 206 61.25
20 147 43.75
20 118 64.25
20 79 38
20 77 57.125
20 51 16.625
21 249 1
21 226 40
21 225 80.125
21 223 63.875
21 196 16.25
21 192 54.25
21 181 14.625
21 145 53
21 141 70
21 112 53.125
21 96 54
21 58 53.75
21 55 34.25
21 54 86.25
21 51 60.625
21 23 73.875
21 12 29.875
21 3 51.875
22 246 90.5
22 245 49.875
22 233 96.375
22 223 27.375
22 222 25
22 190 52
22 164 79.125
22 131 55.875
22 121 42.625
22 119 34.75
22 118 71.375
22 93 7.875
22 31 11.75
22 30 63
23 249 88.375
23 223 7.75
23 214 20.375
23 189 19.5
23 151 52.75
23 141 90.375
23 135 11.375
23 111 44.875
23 109 81.375
23 103 10.75
23 83 63.375
23 67 78.25
23 64 12.125
23 54 51.375
23 45 8.625
23 42 10.125
23 32 33.625
23 26 45.5
24 256 7.375
24 231 27.625
24 229 8.75
24 206 95.875
24 203 18.75
24 194 2.5
24 176 33.875
24 172 17.5
24 128 89.25
24 117 37.25
24 77 30.875
24 76 75.375
24 66 53.875
24 64 71.375
24 59 43.25
24 12 56.5
24 6 72.375
25 256 46.625
25 243 99.75
25 212 44.25
25 203 9.875
25 202 18.125
25 197 66.25
25 192 96.25
25 180 90.25
25 179 84.75
25 96 36.375
25 91 45.125
25 83 72.125
25 80 50.5
25 77 53.25
25 66 79.375
25 57 55.5
25 47 41.125
25 35 66.25
26 191 51.5
26 185 84
26 156 10.5
26 154 51.5
26 152 6.625
26 137 68.875
26 129 58.875
26 127 44.875
26 104 32.875
26 101 14
26 14 20.375
26 4 13.875
27 252 32.375
27 248 45.25
27 245 99.875
27 237 42.5
27 230 75.25
27 228 21.875
27 211 70.375
27 202 53.375
27 191 41.375
27 167 98
27 132 59.75
27 103 69.75
27 81 14.375
27 43 0.625
27 22 81.75
27 14 79.25
27 9 9
28 253 6.25
28 198 56.625
28 192 26.75
28 160 47.375
28 159 10.625
28 118 92
28 116 19
28 95 96.5
28 90 73
28 77 43.25
28 66 7
28 57 41.75
28 32 15
28 23 6
28 4 29.875
29 252 97.875
29 233 87.75
29 232 97
29 222 57.625
29 211 50.5
29 183 60.375
29 176 22.5
29 171 85.25
29 157 0.625
29 152 20.375
29 139 55
29 136 81.125
29 135 56.875
29 127 5.25
29 117 36.25
29 103 56.75
29 87 47.75
29 60 20.25
29 45 71.875
29 40 72.25
29 34 18
29 30 43.5
29 21 38.625
29 4 90.625
30 253 11.625
30 246 85.375
30 243 84.5
30 234 72
30 216 47.125
30 197 17.75
30 194 93.375
30 187 53.875
30 185 36
30 184 4.625
30 180 11.125
30 160 17.75
30 137 44.875
30 96 36.5
30 75 49.125
30 73 86.875
30 59 21
30 22 47
30 17 47.375
31 256 89.875
31 254 75.875
31 227 14
31 219 58.125
31 194 4.5
31 191 88.375
31 185 58.5
31 180 26.875
31 172 94.5
31 125 30.625
31 99 15.5
31 71 44
31 65 65.375
31 53 82.75
31 10 15.25
31 1 66.375
32 252 13.125
32 202 56.5
32 199 16.125
32 193 40.75
32 191 41.25
32 190 25.5
32 165 99.375
32 154 18.75
32 148 76
32 129 84.875
32 118 92.625
32 75 96.375
32 61 57.75
32 59 41.625
32 58 22.5
32 55 6.125
32 48 24.25
32 41 50.5
32 36 16.125
32 19 38.5
33 249 62
33 218 7
33 214 46.125
33 209 14.875
33 208 91.875
33 165 43.625
33 161 30.75
33 155 16
33 144 96
33 131 94.375
33 128 80.125
33 121 56.625
33 86 73.75
33 74 90.625
33 61 8.75
33 43 95.375
33 30 8.75
33 17 94.875
34 222 16.25
34 208 24.625
34 165 57.5
34 159 4.375
34 81 86.625
34 71 8.25
34 61 75.625
34 28 94.875
34 15 48
34 8 2.75
34 4 92.625
35 242 64.625
35 228 84.75
35 224 29.5
35 111 95.5
35 102 5.75
35 82 25.5
35 69 81.75
35 68 63.5
35 67 23.25
35 66 97.5
35 58 11.625
35 56 78.875
35 43 44.125
35 15 81.5
36 249 37.25
36 242 47.75
36 207 30.875
36 193 30.375
36 189 76.75
36 178 94.125
36 172 34.5
36 162 17.25
36 135 19.375
36 107 12.25
36 90 45.375
36 79 14.125
36 74 16
36 43 5.5
36 28 73
37 215 84.875
37 194 49.875
37 172 32.125
37 158 92.625
37 144 48.625
37 134 32.875
37 127 4.625
37 125 89.25
37 123 95.5
37 122 44.75
37 113 28.75
37 101 15.375
37 98 70.625
37 76 60.125
37 73 21.5
37 65 71.875
37 62 40.875
37 61 58.25
37 52 99.25
37 36 94.125
37 35 2.75
37 32 93.5
37 29 63.625
37 17 38.875
37 11 7.875
38 251 29.5
38 246 91.75
38 237 95.125
38 199 32
38 179 24.625
38 169 56.875
38 155 20.5
38 148 86.25
38 145 47.625
38 131 39.5
38 129 87.875
38 116 67.375
38 103 51.5
38 75 73.5
38 51 6.5
38 27 24.125
39 238 36.125
39 225 74.125
39 224 35.875
39 201 30.75
39 193 92.5
39 190 71.375
39 168 70.625
39 131 65.125
39 107 88.25
39 106 79.75
39 62 17
39 11 8.75
39 1 81
40 254 39.25
40 220 82.125
40 213 3.375
40 202 77.875
40 198 3.75
40 146 50.125
40 109 41.375
40 66 23
40 49 80
40 7 79.25
41 241 42.75
41 223 11.375
41 209 26.875
41 186 17.375
41 144 52.75
41 122 54.125
41 113 37.125
41 111 99
41 83 7.125
41 56 8.5
41 46 26
41 40 63
41 17 76.5
41 6 34.125
42 253 83.875
42 237 37
42 236 36
42 193 57
42 183 7.125
42 176 2.25
42 170 60.875
42 164 97.125
42 163 85.5
42 143 83.125
42 102 75.375
42 81 64
42 79 3.75
42 70 38
42 69 83.625
42 54 60.125
43 255 18.25
43 253 23.5
43 232 18
43 227 94.75
43 225 51.375
43 224 46.375
43 223 29.25
43 210 20.625
43 203 66.375
43 155 18.875
43 152 32.75
43 151 95.5
43 135 12.125
43 123 27.875
43 114 62.5
43 102 28
43 99 81.875
43 90 72.5
43 86 94.25
43 80 54.375
43 78 86.125
43 59 78
43 53 28.875
43 49 19.25
43 44 88
43 40 55.875
44 254 42
44 228 98
44 216 9.875
44 204 79.875
44 184 24.375
44 172 64.875
44 166 30
44 112 32.375
44 68 40.375
44 58 30.375
44 46 58.375
45 251 76
45 220 46
45 165 48.375
45 162 41.375
45 128 38
45 123 7
45 101 97.625
45 62 39.25
45 56 40.875
45 22 5.875
46 243 97.5
46 238 44.125
46 221 88
46 216 87.875
46 204 76.875
46 192 37.625
46 185 58.25
46 170 68.375
46 148 6.375
46 89 40.125
46 87 18.5
46 50 11.125
46 49 97.875
46 48 57.125
46 39 50.25
46 15 2.625
46 9 95.25
47 255 63.25
47 241 67.125
47 221 19.625
47 202 3.75
47 170 76.25
47 165 35.375
47 148 58.25
47 125 14.875
47 121 76.125
47 119 23.875
47 108 6.625
47 93 52.125
47 88 13.125
47 71 40.5
47 54 42.5
47 51 20.375
47 24 84
47 14 42.5
47 12 45
47 11 40
47 7 84.125
48 241 19.75
48 230 86.375
48 229 77.625
48 197 64.625
48 192 23.75
48 120 55.875
48 65 68.625
49 253 52.25
49 178 66.125
49 176 47
49 149 19
49 120 5
49 107 61
49 102 31.5
49 89 20
49 57 85.375
49 25 82.625
50 224 23
50 218 16.25
50 217 80.125
50 188 20.125
50 185 13.125
50 178 60.25
50 157 68.25
50 103 60.875
50 82 28.625
50 60 95.625
50 56 66.125
50 28 83.25
50 9 61.875
51 239 48.25
51 235 24
51 233 51.625
51 219 70.125
51 203 80.5
51 200 75.5
51 193 7.5
51 190 31.875
51 189 70.625
51 182 38.5
51 172 82.25
51 146 33.375
51 128 57.875
51 107 47.375
51 90 6.625
51 84 90.25
51 75 14.125
51 71 88.5
51 3 75.375
52 254 50.375
52 230 50.5
52 175 81.875
52 159 7
52 152 37
52 132 16.875
52 113 80.125
52 98 87.625
52 84 62.625
52 82 43.125
52 55 19.5
52 49 1.75
52 48 23.375
52 44 75.5
53 224 29
53 218 92.5
53 209 38.875
53 180 6.125
53 177 58.75
53 170 54.75
53 150 57.125
53 145 60.625
53 132 95.75
53 126 58.5
53 77 93.875
53 41 74.25
53 16 95.375
53 1 35.25
54 239 90.125
54 184 4.875
54 178 0.125
54 153 86.875
54 151 33
54 143 76.5
54 139 39.375
54 138 33.25
54 134 3.75
54 128 53.75
54 99 43.5
54 95 92.25
54 83 93
54 61 26.125
55 240 26.375
55 226 60.625
55 195 71.875
55 190 61.375
55 161 99.75
55 155 61.875
55 152 98
55 134 93
55 122 79.75
55 119 44.375
55 95 27.125
55 84 20.375
55 83 69.75
55 32 27.125
55 26 54
55 22 34.625
55 3 3.375
56 231 73.625
56 216 31.75
56 207 31.25
56 205 19.375
56 193 74.75
56 179 11.75
56 159 39.25
56 156 40
56 148 15.375
56 135 94.125
56 126 25.625
56 122 61.5
56 77 13.75
56 30 77.625
56 27 60.75
57 255 71
57 195 18.75
57 180 6.375
57 164 90.5
57 159 7
57 137 13.75
57 121 16.75
57 76 17.25
57 71 83
57 63 9.875
57 59 35.5
57 37 73.5
57 7 93
58 251 93.5
58 249 4.125
58 222 89.375
58 200 84
58 190 23.5
58 177 52.375
58 142 7.875
58 141 54.75
58 118 12.5
58 108 32.25
58 93 69.875
58 74 7
58 73 40
58 46 17.25
58 25 20
58 11 53.125
58 7 92.625
59 221 88.75
59 160 2.5
59 148 57.875
59 129 43.875
59 115 69.625
59 113 64.625
59 97 27.25
59 87 4.875
59 86 69.125
59 47 51.75
59 35 86.375
59 34 24
59 19 63.75
60 249 96.375
60 235 38.25
60 225 30.625
60 217 98
60 209 32.75
60 140 66.625
60 138 18.25
60 134 20.875
60 112 48.25
60 111 28.75
60 107 1.375
60 86 26.375
60 67 81.875
60 55 15.125
60 47 10.125
60 39 91
60 25 16.875
60 15 78.875
61 242 72.625
61 232 97.375
61 224 69.875
61 207 20.375
61 205 40.5
61 203 0.625
61 195 58.875
61 189 33.375
61 185 8.375
61 179 39.75
61 176 25
61 142 36.375
61 128 90.125
61 93 7.25
61 84 7.375
61 71 21.625
61 56 84.375
61 6 51.625
62 238 9
62 219 49.125
62 210 71.375
62 203 47.5
62 200 1.5
62 133 33.5
62 125 39.5
62 120 64.125
62 75 47.5
62 68 76.125
62 38 82.5
62 19 58
62 3 35
63 222 41.5
63 217 10.25
63 214 11.75
63 210 28.75
63 186 39.375
63 182 67.375
63 169 34.75
63 166 63.875
63 156 74.375
63 141 66.25
63 121 23.75
63 117 23.5
63 74 83.5
63 44 43.5
63 30 58
63 29 84.375
63 12 39.125
63 6 29.5
64 253 30.375
64 241 52.75
64 229 56.5
64 205 83.125
64 189 80.5
64 188 24.875
64 129 98.625
64 116 13.75
64 115 70
64 111 72.625
64 109 78.5
64 106 84.375
64 85 95.75
64 65 22.75
64 59 59
64 16 1
65 248 66.75
65 240 27
65 225 86.25
65 189 90.125
65 168 25.125
65 154 58
65 145 19.625
65 136 18.75
65 111 6.875
65 108 16.625
65 106 32.375
65 90 93.75
65 88 14.375
65 86 67.375
65 82 84.125
65 76 42.75
65 75 18.375
65 69 98.25
65 66 79.375
65 63 47
65 36 32.375
65 23 54
65 21 23.625
65 18 1.75
65 11 24.75
65 7 81.875
66 243 36.25
66 240 79.375
66 229 1.625
66 221 17.5
66 220 4.75
66 178 32.75
66 143 93
66 137 61.375
66 125 45
66 123 32.25
66 111 56.25
66 108 0.625
66 93 74.625
66 38 34.375
67 254 76.875
67 242 1.625
67 214 3.375
67 175 83.75
67 173 45.75
67 166 14.875
67 162 77.75
67 148 37.875
67 129 65.625
67 108 51.75
67 91 89.625
67 90 66.75
67 88 50
67 74 7.875
67 71 89.25
67 70 68.625
67 63 16.625
67 62 51.375
67 47 60.875
67 23 68.375
67 20 40.125
67 7 58
67 3 88.875
68 252 11.375
68 251 84
68 232 27.375
68 193 64
68 175 37.5
68 171 39.25
68 131 60.125
68 112 61.75
68 96 27.25
68 81 6.875
68 67 18.375
68 53 93.875
68 40 16.625
68 6 38
69 255 16.375
69 235 84.75
69 223 91.625
69 219 60.625
69 204 22.5
69 147 40
69 137 1
69 132 54.375
69 128 73.375
69 116 89.125
69 103 81.5
69 97 33
69 95 85.25
69 79 25.625
69 68 47.75
69 50 82.5
69 47 88.125
69 46 29.125
69 32 58
69 12 17.5
70 243 93.25
70 227 88.625
70 203 1.375
70 183 78.375
70 149 85.125
70 135 87.75
70 134 34.5
70 118 33.125
70 109 32.25
70 94 48
70 85 12.625
70 77 51.125
70 67 3
70 47 77
70 29 12
70 3 24.5
71 246 9.25
71 227 64.75
71 204 54.5
71 188 71.625
71 185 52
71 173 2.625
71 160 77.875
71 143 30
71 121 63.25
71 111 11.25
71 103 16
71 98 37.25
71 82 11.5
71 79 81.5
71 50 26.75
71 36 17.25
71 20 2.75
71 16 95.5
72 246 14.5
72 242 83.625
72 235 34.875
72 217 20
72 191 63.75
72 177 9.375
72 172 69.375
72 169 52.625
72 137 52.75
72 112 43
72 102 74
72 100 23.875
72 73 50.125
72 46 35.25
72 44 43
72 35 22.125
72 29 69.5
72 11 62.75
72 10 18.25
72 2 32.625
73 256 74.25
73 251 64
73 244 53.375
73 232 76.25
73 214 37.875
73 196 95.5
73 159 33.125
73 156 57.125
73 145 51
73 112 62.5
73 109 4.25
73 88 55.875
73 67 10.875
73 46 3.875
74 234 22.625
74 232 60
74 225 84.875
74 206 62.5
74 180 47.125
74 179 6.375
74 171 56.5
74 132 18.875
74 131 9.625
74 125 66
74 112 4.875
74 102 82.375
74 78 16.375
74 69 20.75
74 47 15.375
74 18 35.75
74 15 85.125
75 251 76.625
75 243 62.25
75 241 27.875
75 214 34.25
75 150 47.875
75 126 12.375
75 110 48.25
75 108 69.5
75 70 58.875
75 61 44.375
75 43 56.25
75 23 25.125
75 18 78.625
76 255 0.75
76 251 31
76 231 66.875
76 226 32.125
76 217 89.5
76 212 84.125
76 179 15.625
76 162 30.75
76 138 37
76 131 58
76 100 55.375
76 67 67.125
76 62 92.5
76 60 77.25
76 36 43.125
76 33 18.125
76 26 92.625
76 25 91.625
76 9 27.875
77 217 3.625
77 214 65.75
77 200 0.625
77 186 37.625
77 70 73
77 6 97.625
78 235 96.625
78 227 70.75
78 218 77.25
78 213 74.25
78 203 89.625
78 181 2.875
78 169 62.875
78 167 10.875
78 148 80.25
78 140 41.25
78 137 1.875
78 128 81.625
78 127 11.75
78 126 8.5
78 89 95.875
78 79 13.875
78 39 35.875
78 37 61.375
78 16 71
78 11 74.375
78 4 97
79 245 87.875
79 209 84.375
79 201 44.25
79 200 30.125
79 196 78.625
79 188 95.875
79 173 62.25
79 169 83.75
79 157 81.125
79 141 35.75
79 137 48.75
79 116 40.75
79 99 86.75
79 47 53.5
79 32 40.125
79 24 42.625
79 11 81.625
79 1 35.875
80 255 19
80 213 68.75
80 157 16.625
80 137 39.75
80 117 21.25
80 84 92.5
80 79 61.75
80 60 26.125
80 13 89
81 254 88
81 211 66
81 190 15.75
81 184 38.125
81 144 44.875
81 139 32.5
81 116 32
81 115 7.5
81 89 92.125
81 61 7.875
81 32 5.375
82 244 62.75
82 241 50.875
82 230 3.25
82 210 3.625
82 194 43.625
82 182 66.625
82 178 0.875
82 177 53.875
82 169 59.125
82 166 20.25
82 160 43.625
82 158 98.625
82 137 7.25
82 132 45
82 118 69
82 53 48.25
82 39 82
82 14 51.75
82 6 21.625
83 252 9
83 243 37.625
83 235 21.625
83 233 25.875
83 224 39.5
83 207 95.75
83 190 33.125
83 161 22.25
83 158 2.625
83 157 85.75
83 145 19
83 128 15.25
83 99 12.875
83 86 91.5
83 84 49.25
83 56 42.25
83 45 90.125
83 44 17.625
83 39 74.625
83 3 73.625
83 2 35.375
83 1 47.625
84 247 76.5
84 240 44
84 224 75.625
84 223 86.75
84 180 68.25
84 170 78.125
84 141 75.625
84 137 74.5
84 135 25.375
84 134 58.625
84 109 49.125
84 97 44.75
84 96 53.75
84 58 40
84 54 8.875
84 14 21
84 10 95.625
85 230 71.125
85 184 47.875
85 155 74.375
85 130 43.5
85 125 54.625
85 96 44.125
85 87 66.75
85 86 87.375
85 30 40.375
85 16 3.625
86 233 48.375
86 223 93.375
86 197 9.875
86 177 44.625
86 176 49.5
86 169 78.625
86 168 67.5
86 160 10.625
86 140 30.75
86 116 19.5
86 112 93.5
86 101 88.375
86 96 14.125
86 80 33.875
86 47 73.125
86 44 10.625
86 16 6.625
87 238 2
87 236 54.375
87 229 22.5
87 228 51.5
87 222 75.375
87 216 68.75
87 207 44.625
87 184 26.25
87 182 18.75
87 164 90.875
87 148 11
87 143 92.875
87 139 18.875
87 127 54
87 104 22
87 102 30.25
87 76 20.5
87 75 91.625
87 38 10.5
87 23 80.625
87 11 51.875
88 226 5.25
88 174 49.125
88 166 52.5
88 165 93.75
88 161 92
88 143 39.5
88 127 96
88 111 8.375
88 93 65.5
88 83 50
88 78 71
88 58 74
88 32 31.125
88 15 26.625
89 250 30.25
89 246 59.625
89 241 20.375
89 231 63.125
89 230 2
89 218 27.375
89 210 71.5
89 200 94
89 160 81.25
89 156 30.5
89 148 63.125
89 130 45.375
89 129 35.125
89 112 60.125
89 109 80.75
89 63 82.875
89 61 38.25
89 45 34.5
89 43 72.375
89 36 44.5
89 35 38.625
89 34 7.5
89 26 82.25
89 20 62
89 16 28.5
89 6 81
90 235 1.875
90 228 60.375
90 210 68.5
90 165 26
90 163 70.5
90 160 57
90 150 50.625
90 146 16.875
90 140 81
90 130 1
90 79 38.125
90 55 9.375
90 43 10.75
90 35 56.125
90 28 19.5
90 22 46.875
91 246 79.375
91 243 33.25
91 238 94.125
91 237 81.5
91 221 55.125
91 218 71.125
91 213 9.625
91 182 6.375
91 162 11.875
91 145 23.625
91 131 27.125
91 127 41.25
91 98 15.25
91 32 76.75
92 241 67.75
92 231 3.375
92 207 85.125
92 198 61.625
92 187 94
92 170 23.75
92 144 28
92 139 68.25
92 137 67.75
92 110 0.375
92 107 57.875
92 93 40.375
92 76 41.375
92 69 33.375
92 65 31.25
92 55 91.25
92 35 21.875
92 34 63.875
92 32 77.25
92 8 80.75
92 7 2.5
92 6 37.125
93 225 69.125
93 218 44.25
93 217 35.75
93 184 57.25
93 182 93.5
93 180 39.5
93 174 17.25
93 157 63.625
93 155 54
93 120 96.25
93 90 60.625
93 45 82.5
93 29 75.625
93 28 10.25
93 23 27.625
93 15 17.875
93 10 71.375
93 5 68.25
94 227 57.5
94 189 3.125
94 187 95.125
94 180 35.875
94 161 7.875
94 156 57.5
94 147 74.875
94 113 25.625
94 68 96.5
94 49 49.75
94 44 6.625
94 25 38.875
94 22 72.25
94 9 4
95 256 69.5
95 222 81.375
95 198 90
95 192 82.875
95 186 99.5
95 180 57.625
95 155 63.875
95 76 4.375
95 57 84.75
95 36 15.75
95 33 66.5
95 30 2.5
95 24 6.875
95 9 31
96 251 92.375
96 232 13.625
96 225 31.75
96 217 8.25
96 215 4.625
96 135 73.625
96 132 32.75
96 125 81.75
96 112 48.125
96 79 97.875
96 62 88.125
96 18 60.25
97 248 51.875
97 233 57.75
97 231 7.875
97 204 49.75
97 166 7.125
97 161 63.5
97 149 62.875
97 142 10.875
97 116 10.375
97 110 65.375
97 108 1
97 104 59.625
97 92 55.625
97 82 64.375
97 72 12.25
97 70 43.5
97 58 3.875
97 44 68.625
97 22 17.125
97 6 19.25
98 256 44.125
98 247 53.25
98 241 67.125
98 237 13.625
98 230 90.375
98 214 82
98 202 12.25
98 187 55.625
98 152 74.75
98 142 66
98 138 18.375
98 87 87.75
98 56 43.375
98 36 36.25
98 13 35.625
99 255 66.75
99 249 51.375
99 248 45
99 239 10.875
99 220 89.25
99 219 5.875
99 217 24.125
99 199 72.75
99 195 28
99 192 81.625
99 181 74.875
99 169 42
99 151 78.875
99 120 5.5
99 113 64.875
99 107 64.625
99 85 57.25
99 76 40.875
99 49 89.875
99 20 65.375
99 17 32
100 199 77.625
100 191 85.75
100 166 54.25
100 163 20.625
100 159 23.875
100 122 17.75
100 112 25.75
100 111 88.125
100 94 29.625
100 93 26.375
100 73 59.625
100 68 59.25
100 66 39.875
100 50 20.25
100 40 19.25
100 34 81.25
100 32 48.375
101 248 96.875
101 240 11.375
101 224 46.75
101 203 81.875
101 193 49.5
101 169 75.25
101 166 15.75
101 151 35.25
101 130 62
101 92 80.125
101 73 32.125
101 62 31.625
101 34 95.5
101 29 53.5
102 243 79.25
102 221 5.875
102 210 76.625
102 202 60.75
102 156 20.625
102 151 42
102 146 82.75
102 140 1
102 135 43.875
102 128 60.125
102 113 65.375
102 104 41.375
102 98 30.625
102 86 53.875
102 83 70.75
102 71 34.75
102 65 96.125
102 54 90.75
102 42 91
102 6 80.875
103 248 47
103 244 66.125
103 234 67.75
103 226 22.125
103 223 99.375
103 195 37.75
103 177 81.125
103 151 63.625
103 52 23.5
103 33 38.25
103 15 43.25
103 13 63.875
103 9 13.125
104 243 98.625
104 230 66.75
104 222 61
104 220 58.875
104 193 2.125
104 185 86.25
104 183 44.375
104 171 64.125
104 157 41.75
104 149 49.5
104 128 26.375
104 107 91.375
104 100 56.875
104 97 87.125
104 96 9.375
104 85 12.75
104 74 82.375
104 57 38.75
105 246 27.875
105 244 3.375
105 219 57.25
105 213 6.25
105 212 64.625
105 198 67.75
105 188 33.5
105 178 59.25
105 145 35
105 95 46.375
105 92 6.875
105 90 41
105 77 19
105 63 81.875
105 52 50.75
105 49 59.875
105 46 55.625
105 11 58.5
106 229 8.5
106 220 76.375
106 219 0.5
106 181 34.125
106 150 36.625
106 140 70.875
106 107 80.375
106 35 90.125
106 30 28.125
106 4 18
107 222 57.5
107 216 54.375
107 198 23.75
107 181 7
107 161 16.375
107 157 75.25
107 152 3.25
107 139 63.125
107 135 85.25
107 53 12.25
107 34 4.25
107 19 60.875
108 244 13.875
108 197 24.125
108 191 36.25
108 185 51.875
108 174 20.625
108 165 82
108 152 20.875
108 138 18.75
108 133 84.875
108 119 53.5
108 103 80.375
108 98 63
108 72 59.375
108 62 58.125
108 31 8.25
108 26 0.875
108 15 77.125
109 254 60.75
109 218 65.125
109 211 66.875
109 139 54.625
109 125 6.75
109 103 17.625
109 101 28
109 80 43.5
109 75 89.5
109 46 26.5
109 34 62.375
109 23 95.875
109 17 66.75
109 6 9.5
110 250 13.625
110 228 37.625
110 207 61.25
110 201 38.5
110 172 93.875
110 157 95.625
110 68 16.25
110 58 27.375
110 56 28.625
110 39 45.5
110 32 12.125
110 31 98.75
110 2 59.625
111 247 78
111 241 28.625
111 200 80.75
111 184 92.75
111 180 18.375
111 176 41.75
111 163 67.375
111 143 6
111 137 43
111 124 32.375
111 123 87.25
111 100 37.375
111 96 60.625
112 226 69.25
112 208 91.625
112 191 94.75
112 179 25.625
112 161 87.125
112 146 37.5
112 133 64.875
112 98 42.75
112 93 64.875
112 75 10
112 49 61.25
112 11 82
112 6 6
112 1 59.375
113 225 37.125
113 202 90.25
113 200 78.625
113 192 78.375
113 185 20.125
113 175 11.625
113 161 42.875
113 158 19.125
113 156 56.125
113 155 61.875
113 140 44.375
113 139 35.625
113 132 62.875
113 126 41.625
113 124 2.375
113 105 37.875
113 22 40.625
114 203 13.125
114 200 19.25
114 182 18.5
114 173 45.75
114 171 55.125
114 144 90.5
114 131 35.5
114 98 98.25
114 93 41.375
114 76 74.875
114 69 79.25
114 61 69.375
114 56 48.75
114 34 71.375
114 26 75.25
114 6 44.5
115 253 97.25
115 227 60.375
115 189 30.25
115 180 6.625
115 146 85.25
115 128 77.5
115 96 50.875
115 85 69.375
115 65 9.5
115 62 57.125
115 55 18.875
115 49 17
115 2 93.375
116 255 88.25
116 252 3.625
116 251 35.625
116 249 85.125
116 238 21.625
116 234 1.375
116 232 40.75
116 225 50.5
116 220 50
116 207 60.5
116 171 81.75
116 155 58.875
116 152 92
116 130 95
116 107 0.75
116 102 48
116 87 26.625
116 74 33.5
116 51 63.875
116 42 98.75
116 35 80.5
116 19 48.25
116 11 17.75
116 1 68.375
117 251 96.25
117 236 94.375
117 235 86.625
117 230 66.125
117 213 21.5
117 206 14.125
117 197 81.625
117 175 1.625
117 166 89
117 153 73.5
117 143 88.625
117 93 60.125
117 83 89.75
117 62 17.375
117 59 59.75
117 56 45.5
117 11 94
117 10 8.5
118 248 74.25
118 246 41
118 238 7.75
118 220 33.25
118 211 64
118 203 81.875
118 193 77.5
118 184 19.25
118 170 5.75
118 135 85.25
118 115 64.625
118 103 12.5
118 75 31.75
118 71 32.75
118 60 46.875
118 56 38.125
118 47 59.25
118 25 69
118 19 53.25
119 254 47.125
119 253 87.125
119 217 74.625
119 215 48
119 201 88.25
119 194 61.75
119 190 26.5
119 185 43.375
119 141 67.25
119 138 28.625
119 99 66.625
119 28 78.75
120 224 1.875
120 220 46.625
120 204 7.5
120 202 45.125
120 175 62.375
120 104 67.875
120 97 75.625
120 94 40.5
120 91 52.25
120 82 21
120 37 50.125
120 35 8
120 29 46.125
121 240 27.25
121 239 89.25
121 233 80
121 200 50.25
121 189 39
121 184 22.875
121 164 84.625
121 127 2.625
121 115 82.375
121 111 17.625
121 82 18.875
121 59 26.25
121 9 98.125
121 8 98.625
122 254 48.5
122 223 25.625
122 221 24.75
122 217 64.875
122 214 86.25
122 203 24.625
122 201 52.875
122 179 82.625
122 175 71.75
122 157 70.875
122 156 81.75
122 119 89.375
122 104 51.625
122 100 57.125
122 97 84.5
123 206 75.5
123 204 59.5
123 177 15.875
123 141 99
123 140 83.125
123 117 81.75
123 104 9.75
123 101 13.75
123 88 16.5
123 76 58.125
123 69 51
123 68 25
123 53 1.125
123 30 70.875
123 19 20.375
123 10 73.625
124 241 54.25
124 221 97.25
124 196 64.5
124 161 84.125
124 160 56.75
124 150 12
124 118 41.125
124 101 61
124 72 18.25
125 253 21.125
125 239 32
125 183 96.25
125 175 7.5
125 161 47.875
125 142 26.75
125 137 45.75
125 127 75.625
125 98 9.5
125 88 18.125
125 73 38.125
125 64 18.5
125 33 76.625
125 30 21.125
125 29 41.5
125 15 33.875
125 1 16
126 255 99.5
126 233 12.875
126 232 94.875
126 221 4.75
126 219 83.25
126 201 29.25
126 193 21.375
126 188 67.75
126 171 12.625
126 133 99.625
126 121 98.5
126 98 11.875
126 59 52.875
126 52 99
126 39 90.5
126 20 27.125
126 8 84
127 255 57
127 253 22.125
127 240 1.875
127 227 34.75
127 216 61.5
127 191 49.125
127 188 60.375
127 180 61.125
127 161 59.375
127 138 45
127 120 31.25
127 109 78
127 69 46.75
127 60 34.125
127 36 57.875
128 248 17.125
128 237 14.5
128 229 59.875
128 204 29.75
128 167 61.875
128 165 23.25
128 138 38.5
128 121 16
128 115 17.625
128 100 92.25
128 83 91.25
128 60 45.375
128 44 64.375
128 29 41
128 27 19.125
128 23 62.375
128 10 26.125
128 2 21.75
129 253 20.25
129 239 42.875
129 225 29.875
129 223 42.25
129 205 3.5
129 198 18.5
129 197 45.375
129 190 6.125
129 185 13.375
129 159 25.25
129 149 80.25
129 136 67.75
129 93 46.125
129 87 54.125
129 66 90.625
129 50 38.875
130 249 73.75
130 234 95
130 229 50.375
130 222 98.625
130 213 55.375
130 192 76.375
130 186 63.375
130 167 1.25
130 163 52.25
130 140 97.625
130 128 5.25
130 106 55.125
130 88 5.75
130 47 69
130 41 30.625
131 251 77.5
131 248 85.75
131 239 36.375
131 227 16.375
131 225 54.875
131 216 80.375
131 204 71.375
131 202 10.625
131 192 91.375
131 175 37.125
131 172 7.625
131 166 55.75
131 154 61.75
131 146 84.625
131 140 80.625
131 122 15.625
131 116 3.875
131 79 16.625
131 60 9.125
131 59 27.375
131 41 16.5
131 36 67.625
131 15 26.75
131 12 19.625
131 3 71.75
132 250 63.125
132 205 87.375
132 203 0.125
132 196 47.875
132 189 82.625
132 152 24.375
132 125 20.125
132 103 10.875
132 79 48.125
132 66 73.125
132 37 13.625
132 2 97.75
133 256 76.5
133 226 5.75
133 216 78.125
133 215 42.375
133 209 39.5
133 202 31.125
133 155 46.75
133 146 61.625
133 143 69.25
133 114 86.125
133 91 28.375
133 82 9.625
133 78 23.25
133 65 11.375
133 60 77.25
133 52 34.25
133 42 26.75
133 28 69.125
133 20 19.25
133 7 66.375
133 2 34.875
134 254 5.125
134 223 90
134 220 43.625
134 188 73.5
134 177 0
134 176 82.375
134 169 12.625
134 138 34
134 101 37.75
134 90 7.25
134 87 60.875
134 55 6.25
135 256 67.5
135 238 95.125
135 221 27.5
135 207 45
135 165 79.25
135 161 88
135 130 88.375
135 124 40.625
135 115 20.5
135 108 36.25
135 84 72.375
135 83 91.875
135 82 28.625
135 67 67.75
135 51 60.75
135 35 82.625
135 11 74.5
136 256 4.75
136 225 67.75
136 204 1.5
136 202 59.375
136 192 51.625
136 176 42
136 165 25.5
136 132 1.25
136 111 35.25
136 85 94.375
136 62 41.25
136 30 50.625
136 22 58.625
136 21 45.875
137 247 15
137 237 4.875
137 189 68
137 175 2.25
137 155 17.25
137 130 83.625
137 121 36.875
137 113 92.375
137 83 92.625
137 74 36.5
137 66 79
137 54 72.25
137 13 0.75
137 9 79.75
138 239 7
138 227 41.625
138 181 88.125
138 166 42.375
138 162 93.5
138 158 49
138 156 5.125
138 135 88.125
138 133 76.875
138 130 43.875
138 127 1
138 108 11.25
138 91 70.625
138 88 9.625
138 73 86
138 34 33.5
138 21 47.125
138 20 51
139 246 5.875
139 237 89.25
139 230 67.5
139 184 83.625
139 182 95.5
139 178 53
139 168 68.375
139 67 82.625
139 43 89.5
139 26 50.625
140 252 25.125
140 251 20.625
140 240 91.375
140 194 43.5
140 175 87.375
140 172 63.125
140 159 3.875
140 103 92.875
140 102 11.75
140 101 48.75
140 93 68.875
140 65 38.5
140 61 17.875
140 59 66.625
140 32 51.25
140 22 19.625
140 5 8.25
141 212 46.25
141 205 16
141 200 71.375
141 126 21
141 104 52.125
141 91 61.625
141 69 6.125
141 46 6.875
141 44 14.625
141 42 45.625
141 19 37.75
141 16 68.875
142 238 88.125
142 230 4.625
142 221 59
142 135 17.25
142 116 46.5
142 103 14.875
142 86 87.375
142 79 91.625
142 77 99.5
142 56 7.375
142 51 92.125
142 41 39.625
142 12 16.875
143 253 97.625
143 245 46.625
143 243 54.75
143 240 43.75
143 217 91.75
143 186 13
143 183 12
143 182 4
143 181 63.125
143 169 53.875
143 149 89.75
143 146 90
143 145 65.375
143 104 30
143 100 64.375
143 84 50
143 56 80.125
143 52 66
143 51 16.5
143 41 78.25
143 40 65.375
143 39 80
143 38 52.625
143 18 76.875
143 12 44.875
143 1 72
144 249 43.875
144 240 0
144 235 8.125
144 207 85.875
144 201 40.125
144 196 10.875
144 193 59.875
144 189 20.375
144 151 94.875
144 125 40.875
144 117 24.875
144 95 67.5
144 90 65.25
144 82 35.25
144 81 67
144 59 72.875
144 45 2.75
144 42 46.875
144 28 43.25
144 26 26.125
144 24 28.5
145 249 72
145 243 7.5
145 229 28.375
145 227 91.75
145 223 40.625
145 201 36.625
145 196 78.125
145 183 75.5
145 161 77.25
145 148 56
145 120 60.75
145 104 13.125
145 103 16.625
145 67 60.625
145 55 33.625
145 54 49.375
145 52 35.875
145 39 21.25
145 34 50.125
146 238 48.625
146 235 52.375
146 227 93
146 219 56.625
146 197 77.625
146 156 54.125
146 145 60.75
146 131 42
146 122 29.75
146 110 85.5
146 71 17.125
146 61 12.125
146 58 75
146 57 30.625
146 49 91.375
147 239 28.5
147 217 97.875
147 216 64.25
147 196 88.25
147 194 35.5
147 178 55.375
147 145 72
147 141 16.75
147 138 29.625
147 136 84.875
147 114 63.5
147 105 86.125
147 84 15.875
147 53 34.5
147 44 35.125
147 43 30.75
147 23 92.375
147 18 51.875
147 12 34.25
148 251 80.625
148 244 48.75
148 208 42.5
148 205 84.875
148 142 49.375
148 140 80.875
148 113 68.5
148 70 37.25
148 54 8
148 50 4.875
148 40 79.375
148 19 12.375
148 18 82.125
149 237 59.75
149 236 82.5
149 197 45.125
149 184 58.5
149 177 11.75
149 151 38.125
149 145 16.75
149 107 67
149 100 98.375
149 96 7.125
149 89 56
149 78 92.5
149 76 63.125
149 54 71.5
149 50 29.375
149 13 47.625
150 238 45.875
150 237 19.375
150 229 66.5
150 221 27.75
150 153 14.375
150 146 80
150 130 30.375
150 113 30.375
150 89 28
150 57 48.5
150 55 95.375
150 32 48.375
150 28 41.125
150 10 99.5
151 245 86
151 234 40.75
151 200 3.625
151 195 40.375
151 143 95.75
151 139 93.875
151 132 87.75
151 125 98.625
151 97 15.75
151 72 13.75
151 43 45.625
151 39 23.5
151 30 93
151 26 78.5
151 25 40.75
151 18 15.75
152 244 76.875
152 238 30.625
152 229 15.625
152 194 45.5
152 157 60.125
152 139 40.375
152 120 48.375
152 112 31
152 95 63.375
152 93 68
152 80 42
152 67 95.375
152 53 51.125
152 51 92
152 32 42.25
153 245 78.625
153 243 44.375
153 236 97.5
153 223 85.625
153 222 12.75
153 193 55.875
153 188 89.5
153 173 27
153 167 92.5
153 164 14.375
153 138 74.5
153 131 94.25
153 95 85.25
153 90 96.5
153 79 95.875
153 45 71
153 33 66
153 25 13.625
153 22 99.875
154 255 94.75
154 246 0
154 235 42.75
154 224 12.375
154 187 38.75
154 176 63.75
154 150 48.625
154 136 73.75
154 102 28.5
154 92 44.625
154 69 13.25
154 68 66.375
154 51 88.25
154 43 26.25
154 31 8
154 20 49.625
155 199 75.875
155 188 27.5
155 174 4.125
155 172 96.125
155 156 64.5
155 153 35.125
155 147 70.5
155 127 29.25
155 112 71.5
155 100 93.875
155 97 32.375
155 90 31
155 82 21.125
155 65 86.75
155 45 51.875
155 24 12.625
155 13 6.625
155 8 48.5
155 2 10
156 242 70.5
156 222 8.875
156 221 93.25
156 215 94.25
156 180 18.25
156 178 81.25
156 171 18.625
156 151 37
156 147 20.125
156 87 37.375
156 77 89.25
156 53 69.25
156 20 52.875
157 234 29
157 230 25.25
157 207 36.75
157 196 45.75
157 194 99.375
157 167 46.375
157 158 63.625
157 150 65.625
157 100 95.25
157 99 20.125
157 65 55.75
157 63 25.75
157 49 30.75
157 37 29.875
157 19 36.75
158 224 46.5
158 196 76.625
158 190 9.25
158 181 74.25
158 176 68.875
158 166 70.375
158 150 99.5
158 144 89.375
158 122 38.25
158 121 5.125
158 93 88.25
158 86 15.125
158 81 83.125
158 77 56.875
158 72 10.875
158 39 43.25
158 33 90.375
158 24 75.25
158 21 92.875
158 4 36.25
159 247 60.875
159 203 11.75
159 191 74
159 185 56
159 173 90.25
159 153 9.5
159 145 63.125
159 121 1.875
159 98 8
159 87 57.125
159 79 85.25
159 65 45.875
159 46 2.5
159 21 9.625
159 8 10.125
159 5 37.875
160 243 8
160 236 40.375
160 200 86
160 184 89.375
160 169 98.125
160 166 88.5
160 159 9.75
160 155 1.5
160 118 50.5
160 106 25.25
160 96 32.75
160 85 77.75
160 61 77.875
160 50 14.375
160 27 32.5
161 225 44.75
161 163 93.75
161 157 98.375
161 154 43.25
161 135 18.25
161 116 52.875
161 90 79.25
161 40 36.625
161 2 17.5
162 251 87.375
162 247 39.25
162 226 23.125
162 208 93.125
162 204 22.75
162 201 9.5
162 134 49.5
162 111 26.5
162 107 13.625
162 92 47
162 91 31.375
162 89 1.375
162 82 67.375
162 46 39.125
163 232 75
163 224 79.375
163 208 36.375
163 162 99.75
163 156 59.25
163 141 63.25
163 133 73.75
163 129 19.25
163 119 14.75
163 80 1.875
163 73 47.125
163 60 87.375
163 39 98.375
163 26 86
164 249 61.75
164 215 31.5
164 192 49
164 191 79.125
164 178 75
164 172 39.25
164 159 30.5
164 137 5.875
164 127 42
164 50 80.875
164 43 1.875
164 39 42.875
164 26 15
164 11 47.875
165 231 97.75
165 230 44.375
165 229 9.5
165 223 69.25
165 219 31.875
165 210 49.875
165 191 24.75
165 178 52.25
165 171 27.25
165 168 67
165 164 78.375
165 154 75.75
165 98 64
165 91 72.25
165 80 70.125
165 55 28.875
165 53 73.125
165 25 37.625
165 23 20.25
165 9 81.875
166 203 55.875
166 195 26.375
166 175 42.25
166 154 30.375
166 153 76.75
166 151 32.5
166 135 60.5
166 124 70.625
166 84 41.625
166 63 20.625
166 44 78.25
166 36 3
166 17 16.5
167 251 61.625
167 235 96.125
167 231 58.125
167 177 50.75
167 112 28.75
167 105 56
167 96 65.625
167 90 66.125
167 87 56.875
167 84 89.875
167 63 7.125
167 51 82.875
167 32 54.75
167 15 78.5
167 13 4.75
168 256 51.875
168 253 63.75
168 236 98.875
168 190 80.75
168 165 79
168 158 13.375
168 110 84.25
168 108 35.375
168 91 89.375
168 82 48.75
168 70 30.125
168 57 70.375
168 10 31.875
169 252 70.25
169 219 29.25
169 212 34.75
169 210 18.375
169 206 50.625
169 197 6.625
169 180 39.5
169 165 33.875
169 140 66.875
169 137 40.25
169 131 62.5
169 124 87.25
169 106 73.25
169 97 24.625
169 87 36.375
169 79 13.125
169 74 97.625
169 43 1.125
169 13 27
169 4 97.75
170 238 89.25
170 224 82.625
170 195 44.625
170 193 83.75
170 186 68.5
170 166 60.875
170 128 45.5
170 119 87
170 96 85.5
170 85 33.375
170 24 63
170 14 5.875
170 7 23
170 6 17.125
170 3 49.375
171 254 55.375
171 247 86.5
171 233 81.5
171 199 87.875
171 197 23.375
171 191 68.75
171 180 41.125
171 174 51.375
171 173 64.375
171 153 86.5
171 146 48.75
171 113 75.875
171 107 29.375
171 102 15.125
171 93 7.25
171 75 34.5
171 61 91.875
171 8 29.125
172 243 90.375
172 204 79.875
172 181 19.375
172 142 88.25
172 137 88.875
172 123 2.875
172 119 50.5
172 104 69.125
172 87 27.625
172 58 20.5
172 53 69.875
172 51 29.875
172 29 84.625
172 25 40
172 12 77.125
172 3 98.25
173 242 67.875
173 196 57.125
173 192 15.5
173 189 36
173 163 61.125
173 150 16.25
173 138 53.375
173 137 10.375
173 126 72.875
173 125 20.75
173 113 92.125
173 110 44.875
173 100 61.5
173 96 98.5
173 92 16.25
173 70 37.125
173 55 94.25
174 251 7.875
174 245 15
174 234 13.375
174 208 61.25
174 204 32.875
174 203 76.125
174 182 76.25
174 160 91.25
174 139 53.625
174 119 33.75
174 116 77.375
174 108 99.875
174 68 21.875
174 59 92.625
174 51 97.375
174 40 47.75
174 39 51.25
174 37 15.375
174 28 99.5
174 21 69.875
174 12 35.75
175 226 69.75
175 222 1.625
175 217 19.75
175 200 30
175 192 21.25
175 188 78.75
175 186 53.25
175 178 73.125
175 168 26.375
175 160 25.5
175 146 14.5
175 136 51.25
175 123 72
175 110 51
175 106 4
175 92 19
175 53 60.625
175 46 60.125
175 12 62.75
175 8 27.5
175 5 65.375
176 221 48.375
176 203 96.875
176 201 90.25
176 173 6.625
176 169 89.125
176 160 84
176 130 68
176 101 54.75
176 27 87.25
176 8 4.75
177 253 3.25
177 247 90.125
177 242 79.75
177 237 9.375
177 181 90.5
177 159 83.625
177 151 83.75
177 143 82.125
177 138 58.75
177 127 60.5
177 104 96.25
177 87 77.75
177 73 37.625
177 54 80.625
177 40 40
177 3 69.125
178 243 83.625
178 200 13.375
178 195 75
178 193 26.625
178 181 10.5
178 175 23.5
178 167 48.25
178 143 11.25
178 103 64.75
178 89 30.625
178 87 41.375
178 64 3.5
178 61 89.125
178 40 9.125
178 7 28
178 5 18.625
179 254 68.125
179 230 66.625
179 223 47.375
179 184 94
179 165 29.25
179 159 45.25
179 157 20
179 130 25.25
179 118 77.5
179 103 68
179 94 33.875
179 84 21.75
179 79 62.125
179 74 90.5
179 24 46.625
179 23 38.875
179 4 38.125
180 249 5.75
180 240 44.75
180 233 31.25
180 223 98.125
180 200 16
180 186 15.5
180 177 13.5
180 170 70.5
180 165 84
180 155 66.625
180 129 16.5
180 84 1.25
180 78 66.125
180 70 28.75
180 57 9.25
180 42 77.25
180 27 23.125
180 17 65.5
180 13 11.75
180 9 43.5
180 1 60.125
181 244 68.75
181 230 24.375
181 225 87
181 194 93.25
181 193 9.25
181 187 31.625
181 183 99.625
181 176 38.5
181 166 39
181 164 46.875
181 146 92.875
181 138 92
181 133 89.375
181 107 47
181 99 94.625
181 95 5.875
181 47 39.125
181 12 25.625
181 11 74.875
181 9 30.125
181 4 61.125
182 255 98.5
182 253 69.75
182 226 28.75
182 225 67.875
182 196 51.125
182 193 63
182 178 8.5
182 124 93.5
182 118 80.625
182 86 36.375
182 82 0.125
182 61 15.625
182 47 99.5
182 27 86.875
182 22 91.875
182 9 60.25
183 249 16.125
183 229 92.875
183 221 48.25
183 187 40.25
183 176 78.25
183 163 73.875
183 160 64
183 139 91.5
183 116 18.625
183 112 22.5
183 73 42.875
183 72 49.25
183 57 6.625
183 24 62.125
183 5 42.375
184 252 90.75
184 229 82.5
184 224 19.125
184 223 86.125
184 218 68.125
184 217 73.375
184 175 36.125
184 171 20
184 165 7.375
184 159 92.375
184 150 85.125
184 135 94
184 121 95
184 74 3.875
184 56 17.25
184 32 39.125
184 23 83.75
184 18 14.875
184 3 90.875
185 249 86
185 247 47
185 220 39
185 209 93.625
185 201 63.375
185 200 87.5
185 192 67.5
185 180 98.625
185 178 32.25
185 160 63.75
185 152 66.375
185 149 81.875
185 137 22
185 114 77.375
185 109 91.375
185 89 54
185 72 89.75
185 70 21.625
185 32 65
185 8 31.375
186 230 76.75
186 225 68.375
186 208 58.125
186 197 43.625
186 191 63.25
186 185 65.375
186 181 34.875
186 152 69.25
186 144 46
186 138 42.375
186 137 61.25
186 134 68
186 133 20
186 85 89.125
186 82 74
186 58 12
186 41 43.75
186 25 1.875
186 17 44.75
186 12 49.875
187 223 66.625
187 217 32.625
187 212 23.875
187 204 98.75
187 193 51.75
187 155 74.75
187 133 61
187 118 39.875
187 72 56
187 63 17.375
187 44 41.5
187 35 96
187 33 62.125
187 22 27.625
187 15 24.875
187 10 65.375
187 9 33.875
187 8 71.5
187 3 83.875
188 232 20.125
188 230 90.75
188 219 18.375
188 157 25.625
188 146 61.375
188 135 49.625
188 117 67.625
188 98 44.875
188 89 70
188 84 64.125
188 57 78.875
188 50 43.5
188 33 7.875
188 15 7.875
189 229 99.5
189 225 87.625
189 221 0
189 219 23.375
189 218 34.875
189 193 76.625
189 184 22.5
189 176 9.375
189 161 41.375
189 157 81.125
189 154 43.125
189 134 31.25
189 131 83.375
189 124 87.125
189 121 93.75
189 85 32.125
189 62 81.375
189 52 37
189 24 13.5
189 12 2.375
190 243 35.25
190 235 56
190 225 51.875
190 210 30.375
190 198 13.25
190 178 38.25
190 146 46.625
190 105 95.75
190 102 60.75
190 99 83.5
190 96 17.125
190 87 96.75
190 49 61.125
190 45 28.125
191 255 9.25
191 220 7.25
191 219 57.125
191 210 54.125
191 201 53.75
191 153 85.5
191 128 80.75
191 116 93.375
191 109 53.375
191 99 96.25
191 62 43.75
191 56 12.25
191 51 9.25
191 29 3.5
191 26 23.75
191 17 68.875
191 10 75.375
192 237 91.25
192 236 86.625
192 226 75.25
192 225 82.375
192 219 71
192 213 1.75
192 204 74.125
192 179 63
192 170 71.375
192 166 36.875
192 161 60
192 149 41.5
192 110 56.375
192 109 56
192 91 8.125
192 88 87.375
192 80 25
192 65 52
192 64 40
192 63 93
192 47 94.75
192 21 41.375
192 14 24
193 245 80.375
193 242 9.125
193 237 19.5
193 229 25.625
193 194 90
193 189 47.375
193 182 49.25
193 136 16
193 117 41.125
193 103 26.5
193 81 25.5
193 37 11.625
193 23 8.5
194 252 66.5
194 239 51.75
194 238 67.5
194 231 52.75
194 191 91.625
194 177 84.875
194 176 56.875
194 164 83.75
194 162 38.25
194 146 6.25
194 138 1.125
194 132 50.375
194 130 25.125
194 111 80.25
194 104 25.125
194 84 32.5
194 79 97.375
194 47 79.125
194 45 20.125
194 41 0.125
194 32 70.125
194 20 58.875
194 14 75.25
195 241 74.75
195 238 76.125
195 232 55.5
195 209 92.125
195 190 53
195 185 98.25
195 184 98.75
195 179 52.75
195 127 7.25
195 111 85.25
195 102 84.25
195 71 33.375
195 21 77.125
196 248 56.75
196 216 31.25
196 189 7.125
196 177 37
196 155 59.75
196 127 24
196 125 9
196 121 65.625
196 110 49.25
196 100 15
196 95 79.5
196 80 83.375
196 58 71.5
196 47 40.625
196 37 15.75
196 25 67.375
196 21 86.625
197 224 96.5
197 199 82.25
197 176 43.5
197 139 61.125
197 132 66.125
197 130 43.5
197 128 21.375
197 120 32.25
197 112 65.625
197 103 22
197 89 86.125
197 68 97.5
197 50 19.625
197 33 8.125
197 20 74.375
197 18 17.625
197 14 31.25
198 253 16.5
198 245 27.125
198 222 48.75
198 212 66.625
198 210 35.75
198 192 56.125
198 183 30.75
198 164 24.875
198 145 75.25
198 141 19.125
198 100 70.25
198 52 95
198 46 45.875
198 25 16.625
199 255 57.125
199 238 27.875
199 228 87.75
199 218 57.75
199 216 8.625
199 194 52.5
199 174 36.25
199 158 66.625
199 134 51.75
199 116 91.25
199 110 26.125
199 102 54.375
199 65 15.75
199 49 9
199 47 57.625
199 20 51.25
199 17 88.25
199 15 61.125
200 253 53.5
200 222 7.375
200 221 72.125
200 201 67.875
200 155 65.875
200 123 83
200 121 42.5
200 94 40.375
200 73 17.625
200 66 65.75
200 63 98.5
200 33 70.875
200 27 49
200 21 96.375
200 14 20.25
201 254 49.875
201 245 53.5
201 227 52.75
201 209 2.125
201 203 29.875
201 183 16.375
201 171 6.75
201 160 27.875
201 148 62.625
201 142 25.375
201 130 85.125
201 128 70
201 123 51.5
201 111 69
201 98 81.375
201 54 62.25
201 18 90.625
202 234 19.5
202 216 60.625
202 215 11
202 199 7.875
202 196 26.25
202 160 44.625
202 79 53.5
202 76 15.25
202 55 55.625
203 255 64.875
203 244 90.625
203 224 82
203 216 12
203 158 83.875
203 151 58
203 147 39.125
203 145 90.25
203 139 37.125
203 119 48.75
203 100 70.125
203 99 52.25
203 98 40
203 96 60.875
203 69 79
203 16 32.375
203 4 44.375
204 236 23.125
204 216 42.375
204 206 10.5
204 202 80.625
204 156 95.5
204 137 54.625
204 99 48.375
204 95 61.375
204 87 10
204 82 23.625
205 223 7.125
205 204 67.5
205 202 69.5
205 181 13.625
205 176 98
205 141 81
205 139 89.75
205 112 91.25
205 104 1.5
205 70 38.375
205 55 79.625
205 47 58.75
205 12 14.5
206 222 23.875
206 218 21.375
206 195 92.25
206 153 36.625
206 136 67
206 132 74
206 117 59.875
206 88 88.625
206 78 38.625
206 56 6.625
206 34 85.375
206 29 44.375
206 5 42.375
207 256 90.125
207 249 53.625
207 212 33.375
207 202 49.625
207 173 58.25
207 158 5.375
207 134 29.75
207 116 26.25
207 96 35.875
207 88 67.75
207 86 42.5
207 79 66.75
207 60 25.125
207 56 69.625
207 43 1.625
207 38 62.625
207 25 98.25
207 18 2.125
207 9 72.375
208 243 83.875
208 214 84.375
208 143 63
208 92 86.75
208 89 95.75
208 61 56.375
208 50 61.375
208 44 71
208 37 22
208 35 19.375
208 26 70.375
208 15 62.125
208 10 2.625
209 249 15.625
209 240 3.625
209 221 60.875
209 196 58.125
209 193 28
209 182 59.875
209 154 10.5
209 148 97.25
209 145 46.125
209 116 9.5
209 110 24.375
209 15 61.25
209 8 23.625
210 247 17.25
210 245 63.25
210 218 53.875
210 204 37.625
210 202 92.625
210 200 1.5
210 195 35.75
210 177 45
210 175 91
210 165 75.375
210 163 78.75
210 151 94
210 139 94
210 138 96.5
210 109 30.875
210 94 16.75
210 93 97.125
210 67 9.25
210 38 10.5
210 28 88.375
210 10 80.875
210 1 0.25
211 192 70.375
211 179 27.375
211 178 2.375
211 128 66.125
211 113 65.75
211 101 4
211 62 7.5
211 59 51
211 29 30.875
211 11 14.375
212 250 34.375
212 246 53.625
212 222 64.125
212 221 72.125
212 197 54
212 168 39.25
212 110 90.75
212 97 39.875
212 89 22.25
212 58 39.75
212 57 48.125
212 42 36.625
212 20 65.375
212 6 47.25
213 219 51.5
213 215 71.625
213 174 10.5
213 148 52
213 124 26.125
213 122 64.75
213 106 45.75
213 11 95
214 253 19
214 234 11.125
214 231 78
214 193 0.875
214 180 82.625
214 174 37.75
214 172 93.625
214 149 24.625
214 146 44.125
214 120 21.625
214 117 53.625
214 96 60
214 86 78.125
214 85 31.125
214 78 67.25
214 57 29.125
214 54 41.625
214 10 51.125
214 1 65
215 231 31.75
215 185 53.5
215 138 68.75
215 129 95.625
215 125 81.25
215 124 68.125
215 123 90
215 119 96.375
215 115 86
215 81 8
215 68 78.5
215 47 6.875
215 44 69.375
215 41 94.875
215 27 71.5
215 16 28.75
215 6 82.25
216 255 90.875
216 220 78.375
216 180 42.25
216 175 54.125
216 149 15.875
216 107 79
216 104 59
216 98 70.375
216 62 90.125
216 58 31.25
216 51 17.25
216 35 95.375
216 29 93
217 255 81.625
217 235 47.375
217 213 67.5
217 199 3.625
217 189 43.75
217 181 61.125
217 105 10.75
217 95 70.5
217 81 34.375
217 61 31.125
217 53 43
217 30 89.25
217 8 53
217 5 8.625
218 191 85
218 182 94.875
218 166 75.125
218 164 3
218 133 68.75
218 131 12.5
218 128 10.125
218 123 33.25
218 115 19.375
218 107 56.125
218 54 19.375
218 33 45.875
218 21 98.75
219 251 38.75
219 210 87.75
219 202 69.625
219 196 4.75
219 163 45.25
219 162 2.125
219 156 31.375
219 148 6.875
219 132 71.875
219 116 63.875
219 112 74.125
219 95 44.375
219 69 92.75
219 57 31.375
219 54 60
219 43 96.25
219 42 38.125
219 32 59.25
219 29 51.125
220 178 30.875
220 171 31.875
220 82 91.125
220 60 61.375
220 58 76.375
220 51 11.5
220 48 90.75
220 33 85
220 4 48.375
221 253 51.125
221 243 98.25
221 230 87.625
221 217 10.875
221 196 98.625
221 158 3.625
221 151 77.75
221 131 21.375
221 117 18
221 94 98
221 71 78.5
221 66 84.75
221 51 81
221 47 2.375
221 45 79.75
221 35 1.75
221 28 59.625
221 20 22.5
222 255 90.875
222 244 2
222 217 14.625
222 199 23.375
222 180 34.375
222 166 89.875
222 148 60
222 141 53.625
222 139 39.125
222 119 42
222 118 83
222 114 14.375
222 10 21
223 228 84.625
223 224 79.25
223 222 68.125
223 220 45.625
223 206 51.625
223 194 22.5
223 191 78.375
223 186 91.75
223 183 20.625
223 164 10.75
223 160 33.125
223 116 50.625
223 115 43.5
223 91 98.875
223 87 30
223 83 47
223 74 57.375
223 73 97
223 70 44.375
223 49 34.75
223 28 70.125
223 22 54.875
223 9 36.125
224 253 88.5
224 246 76
224 237 86.375
224 188 83.125
224 154 93.5
224 148 13.125
224 147 22.875
224 118 60.25
224 116 49.75
224 110 68.875
224 109 65.875
224 105 57.125
224 103 17
224 102 7
224 94 10.375
224 78 40.125
224 58 84.375
224 52 53.25
224 51 41.375
224 25 43.25
224 10 31.375
225 210 93.375
225 209 80.875
225 183 48.375
225 172 30.125
225 161 76
225 153 24.375
225 148 85
225 137 34.875
225 129 24.75
225 114 99.25
225 78 33
225 59 70.375
225 46 79
225 37 27.75
225 23 72.625
225 14 66
225 3 95.375
226 253 96.75
226 251 69.375
226 228 30.25
226 224 27.25
226 191 36.25
226 185 21.125
226 179 57.25
226 174 62.875
226 155 41.25
226 132 59.75
226 98 97.375
226 96 6.125
226 94 80.25
226 90 33.5
226 73 47.375
226 72 91.125
226 42 65.375
226 3 44.375
227 242 2
227 215 10.375
227 195 45.5
227 184 79.125
227 156 68.875
227 140 48.75
227 136 74
227 118 61
227 53 20.375
227 51 2.375
227 43 62
227 35 66.75
227 13 76.5
227 11 46.5
228 248 28
228 235 67.5
228 220 30.875
228 213 22.875
228 164 3.375
228 162 64.25
228 158 0.875
228 156 26.25
228 137 39.125
228 130 74.625
228 114 92.5
228 100 76.625
228 87 12.625
228 69 18.5
228 51 15
228 39 46.75
228 34 7.125
228 24 7.875
228 13 97.125
228 9 27.875
228 4 91.875
228 3 48.125
229 248 67.375
229 243 28.25
229 220 56.75
229 218 2.875
229 209 96.75
229 194 44.75
229 193 53.75
229 158 7.625
229 155 47.625
229 150 16.25
229 132 14.25
229 129 99.125
229 115 16.375
229 105 60.75
229 98 76.625
229 93 83.75
229 88 3.5
229 80 39.5
229 69 51.375
229 48 69.875
229 44 26.875
229 24 44.875
229 3 32.375
230 248 37.25
230 242 73.125
230 215 44.25
230 166 92.625
230 149 26.5
230 132 91
230 113 61.75
230 92 42.375
230 62 15.625
230 51 35.25
230 48 58.375
230 1 68.625
231 254 47
231 243 34.125
231 238 41
231 198 90.875
231 195 91.5
231 189 45.875
231 187 60.75
231 161 42.875
231 154 28.125
231 130 96.25
231 79 92
231 69 71.875
231 28 93
232 256 2.125
232 254 45
232 238 1.75
232 228 98.25
232 224 25.25
232 223 79.375
232 187 33.75
232 166 30.75
232 152 35.625
232 96 22.125
232 83 48.875
232 64 80.25
232 61 8
232 56 63.875
232 52 7.875
232 37 28.75
232 23 64.75
233 242 20.125
233 218 83.625
233 217 87.5
233 211 86.25
233 200 92.25
233 164 2.875
233 122 86.125
233 117 40.75
233 92 35.375
233 68 21.875
233 56 95.375
233 51 19.75
233 50 52.875
233 47 92.375
233 40 78.125
233 36 10.75
233 33 87
233 11 21.5
234 254 2.75
234 246 45.75
234 238 53.875
234 223 84.875
234 192 90.75
234 182 59.5
234 174 61.375
234 160 26.75
234 141 60.75
234 132 17.875
234 115 66.75
234 72 42.875
234 54 64.75
234 43 8.125
234 10 19.375
234 5 65.625
235 229 38.875
235 220 81.25
235 164 55
235 162 17.125
235 151 12.375
235 146 21.125
235 135 42.125
235 119 9.375
235 99 8.625
235 91 45.875
235 90 43.375
235 68 21
235 49 12.375
235 48 64.75
235 22 67.125
235 1 47.375
236 248 77.75
236 186 60.75
236 185 22.875
236 178 84.25
236 175 30.625
236 164 90.75
236 150 80
236 147 78.875
236 139 29.375
236 134 22.125
236 111 52.5
236 97 22.5
236 76 74.875
236 58 88.125
236 56 63.25
236 40 23.25
236 30 24.875
237 231 22.25
237 102 78.5
237 101 80.875
237 92 38.875
237 80 81.875
237 79 82.875
237 69 29.25
237 62 2.875
237 7 60.25
238 245 91.875
238 229 40.375
238 210 89.75
238 207 57
238 153 59.375
238 140 36.875
238 122 83.25
238 121 29.75
238 117 65.625
238 107 6.875
238 103 96.75
238 74 48.875
238 41 36.375
239 215 61.75
239 192 37.75
239 172 62.5
239 159 17.375
239 120 69.875
239 105 63.125
239 62 44.75
239 50 29.125
239 45 89.75
240 250 47
240 227 80.25
240 214 45.75
240 213 39.875
240 200 96
240 154 37.5
240 150 99.875
240 147 41.375
240 108 74.625
240 106 44.625
240 104 60.375
240 99 6.875
240 88 38.875
240 82 30
240 80 84.125
240 70 7.625
240 69 76.75
240 64 35.375
240 56 45.75
240 39 50.75
240 35 0.625
240 34 29.125
240 31 41.5
240 19 35
240 3 92.125
241 242 64.75
241 238 20
241 237 15
241 228 95.5
241 226 83.625
241 199 11.75
241 178 52.875
241 159 82.125
241 156 9.125
241 154 64.875
241 152 64.75
241 140 0
241 129 44.25
241 127 0.125
241 106 13.625
241 101 44.125
241 85 9.5
241 84 88.625
241 78 36.75
241 39 1
241 29 81
241 26 76.375
241 25 99.75
241 1 30.75
242 256 79.5
242 249 39.125
242 228 13.75
242 185 19.25
242 172 38.625
242 140 37.875
242 126 94.25
242 85 12.625
242 81 30.875
242 59 48.375
242 51 22.5
242 37 55.5
242 28 10
243 242 40
243 235 66.875
243 221 52.125
243 177 27.25
243 130 44.375
243 129 87.125
243 114 53.625
243 101 7.625
243 87 66.875
243 28 59.375
243 20 45.75
244 240 26.25
244 194 85.625
244 183 18.625
244 170 7.375
244 164 16.375
244 159 18.625
244 149 61.625
244 118 16.375
244 93 32.75
244 80 3.375
244 62 23.5
244 56 99.625
244 54 17.375
245 251 74.5
245 215 41.25
245 208 8.25
245 199 91.75
245 196 24.875
245 192 20.25
245 185 18.375
245 172 21
245 159 75.875
245 90 0
245 55 69
245 44 66
245 24 51.375
245 7 46.875
246 251 9.125
246 242 89.75
246 181 66.75
246 178 65.375
246 172 38
246 139 56.75
246 125 2.375
246 112 75
246 97 1.375
246 84 56.25
246 70 94.375
246 68 54.25
246 57 42.5
246 54 3
246 46 19.75
246 44 40
246 41 54
246 26 57.375
246 19 79.625
246 13 63.25
246 12 16.125
247 212 86
247 141 59.875
247 130 80.125
247 116 75.625
247 109 43.875
247 86 31.125
247 83 25
247 45 43.75
247 35 94.25
247 33 43.125
247 6 51
247 2 96
248 255 85.375
248 250 64.375
248 246 38.125
248 209 92.625
248 198 86.875
248 196 15.5
248 195 58.375
248 184 26.5
248 171 71.25
248 164 87
248 160 25.25
248 155 75.5
248 137 13.75
248 134 59.125
248 128 42.5
248 123 32.875
248 121 2
248 94 30.875
248 26 24.25
248 3 52
248 2 93.875
249 231 40.625
249 218 49.5
249 197 66.625
249 137 83
249 126 3.75
249 114 98.5
249 65 64.125
249 45 18.375
249 32 65.25
249 30 27
249 9 50.5
249 4 38.25
250 238 65.875
250 237 28.375
250 223 55.5
250 206 55.25
250 196 21.125
250 189 32.125
250 170 81.625
250 151 39.875
250 136 13.5
250 108 4.125
250 93 95
250 73 67.875
250 58 47.25
250 57 42.875
250 51 49.25
250 34 11.875
250 30 62.75
250 10 3.25
251 206 24.875
251 204 24.875
251 184 23
251 178 99.875
251 141 69.625
251 135 61.875
251 119 1
251 111 38.75
251 97 99.875
251 69 84.5
251 46 79.625
251 22 85.75
251 14 1.125
252 255 45
252 244 32.125
252 233 82.125
252 223 11.5
252 206 12.625
252 187 67.375
252 162 61.625
252 136 23.625
252 131 71.375
252 122 43.25
252 101 24.375
252 98 81.75
252 89 99.625
252 77 22.625
252 72 98.25
252 54 3.375
252 36 16.25
252 30 60.75
252 12 38.5
252 11 56.75
253 234 72
253 225 84.875
253 221 30.125
253 205 49.375
253 204 30.625
253 195 3.375
253 181 53.25
253 172 25.375
253 160 55.25
253 132 53.5
253 111 16.625
253 70 51.5
253 63 28.125
253 42 97.375
253 38 45.375
253 31 86.25
253 21 98
253 19 67.25
254 253 84.125
254 217 81.375
254 208 55.875
254 203 16.375
254 189 30.25
254 139 68.5
254 137 82.625
254 110 85.875
254 75 24.875
254 68 43.625
254 30 79.25
254 15 31.375
255 254 73.875
255 253 55.875
255 217 40.75
255 192 7.625
255 185 99
255 168 13.375
255 134 94
255 113 76.75
255 79 92.625
255 54 80.25
255 14 6.375
255 9 67
255 1 36.25
256 255 11.25
256 242 84.875
256 224 78.625
256 195 76.25
256 178 6.5
256 173 16.125
256 160 62.625
256 134 9.75
256 117 42
256 113 36
256 98 39.5
256 69 4.375
256 26 15.625
256 24 59.75
