dl
format=edgelist1
n=16
data:
1 16 85.75
1 15 58.75
1 10 33
1 8 44
1 5 63.875
2 16 78.5
2 3 39.75
3 8 12.5
3 7 90.625
3 2 18.75
3 1 44.625
4 16 65.625
4 12 52.125
4 10 7.375
4 2 58.375
5 16 99.75
5 13 99.875
5 12 5.125
5 3 13.375
5 2 75.875
6 13 68.625
6 10 35.875
6 4 59.375
6 1 87
7 12 74.375
7 11 83
7 9 83.25
8 16 54.5
8 15 97.125
8 9 32.875
8 4 24.75
8 2 88.875
9 15 48.125
9 12 83.25
9 8 43.375
10 14 20.125
10 13 32.75
10 2 62.125
11 12 28.75
11 7 57.625
11 6 11.125
11 4 87.625
11 1 25.625
12 15 54.75
12 10 94.25
12 7 12
12 3 43.625
13 11 13.875
13 9 18
13 8 49.5
13 5 86.375
13 3 57.5
13 1 90.875
14 15 7.25
14 13 25.875
14 11 39.375
14 9 81.75
14 7 90.75
14 2 49.75
15 11 62.5
15 5 58.25
15 4 42.625
15 2 28.75
16 15 98.625
16 13 72
16 11 29.25
16 8 41
16 5 98.375
16 1 39.375
