dl
format=edgelist1
n=16
data:
1 15 11.875
1 13 78
1 10 13.125
1 5 9.375
2 16 29
2 15 22.5
2 14 16.875
2 10 23.25
2 7 60.875
2 5 88.75
2 1 52.875
3 15 71.875
3 13 10.875
3 11 22
3 9 62.5
4 15 80.875
4 14 91.875
4 6 55.5
4 3 38.5
4 2 43.375
5 12 15.25
5 10 71.875
5 8 51.75
6 16 82.875
6 13 88.5
6 10 66.625
6 7 65.5
6 1 70
7 15 79.875
7 10 92.625
7 2 19
8 16 41.125
8 7 79.375
8 4 58.875
8 3 32.375
8 1 65.625
9 16 45.125
9 8 51.5
9 7 51.75
9 4 14.75
10 8 47.625
10 5 57.25
10 2 24.625
11 14 47.75
12 2 18.375
13 7 10.875
14 16 88.125
14 13 96.5
14 9 17.25
14 4 0.875
15 12 62.5
15 8 92.375
15 7 62.25
15 4 27.25
16 14 56.5
16 6 10
16 1 1.375
