dl
format=edgelist1
n=16
data:
2 9 80.875
2 7 31.25
3 13 52.625
3 8 58.625
3 2 88.875
4 13 70.25
4 7 52.25
4 3 1.625
5 14 53
5 10 25.5
5 3 85.125
5 1 68.25
6 16 24.375
6 14 92.25
6 2 4.375
6 1 34.375
7 13 9.625
7 12 74.25
7 5 16.5
8 15 43.375
8 6 17.25
9 16 21.125
9 13 12.125
9 7 21
9 5 11.375
9 2 8.125
9 1 60
10 14 86.625
11 14 22.125
12 13 75.5
12 7 51.5
12 5 83.125
12 4 93.375
12 3 38.625
13 10 19.875
13 6 10.5
13 2 84.375
14 15 28.375
14 10 2.75
14 7 62.875
14 5 87.25
14 4 56
15 8 86.875
15 3 35.875
16 12 74.875
16 11 30
16 7 47.125
16 5 88
