dl
format=edgelist1
n=16
data:
1 12 20.625
1 11 11.25
1 9 4.375
1 8 68.75
1 7 80.75
1 4 18.375
2 7 32.375
2 4 19.25
2 1 89.125
3 7 51.375
3 6 21.875
4 14 45.5
4 11 15.875
4 10 10.875
4 9 60
4 6 38.625
4 2 43.875
5 15 83.5
5 12 46.125
5 11 62.25
5 10 21.875
5 6 89.75
6 14 8.875
6 3 47.5
6 2 7.125
6 1 80.25
7 16 43.25
7 6 3.625
7 5 26.125
8 16 14.75
8 14 88.625
8 7 18.5
8 1 99.5
9 12 90.875
9 7 45.25
9 4 15.5
9 1 67.5
10 14 24.125
10 11 61.875
10 5 51.625
10 2 91.625
11 12 77.75
11 9 41.75
11 4 33.375
12 9 94
12 6 73.875
12 3 89.625
12 2 22.375
12 1 52.25
13 15 53.25
13 11 32.125
13 1 30.25
14 3 57.625
15 1 52.25
16 13 85.375
16 11 38.125
16 5 30.5
