dl
format=edgelist1
n=64
data:
1 62 10.625
1 57 56.75
1 49 39.375
1 47 73
1 28 58.375
1 21 66.25
1 16 26.625
2 59 5.5
2 58 38.625
2 42 45.875
2 30 53.75
3 59 62.25
3 45 61.25
3 36 56.875
3 32 21.25
3 30 34
3 28 92.625
3 27 54.375
3 16 43.875
3 6 87.25
3 4 41.25
4 59 48.75
4 53 67.875
4 48 74
4 30 31.25
4 28 26.5
4 22 11.875
4 12 22.875
4 8 32.875
4 1 76.25
5 52 67.75
5 45 26.75
5 32 48.25
5 31 76.25
5 29 46
5 18 22.625
5 12 69.75
5 10 95.625
6 52 16.375
6 49 29.625
6 42 65
6 28 64.75
6 1 9
7 64 81.5
7 56 55.125
7 52 67.75
7 48 4.75
7 33 3.5
7 28 61
7 10 50.75
8 57 55.125
8 48 86.375
8 47 28.5
8 46 57.875
8 45 77.25
8 19 18.5
8 4 65.25
8 1 73.5
9 54 78.25
9 50 15.5
9 44 40.5
9 40 91.25
9 32 84.75
9 30 52.625
9 14 1.75
9 12 48.375
9 3 19.5
10 38 44.5
10 34 4.75
10 31 0.875
10 29 77
10 27 44.5
10 19 68.375
10 2 99.75
11 61 68.375
11 53 35.875
11 46 56.375
11 43 78.75
11 32 18
11 28 51.875
12 52 92
12 49 65.5
12 43 67.375
12 35 55.375
12 23 29.75
12 16 65
12 14 80.25
13 59 29.875
13 58 71.875
13 52 63.25
13 27 59.875
13 24 88
13 21 90.5
13 17 49.75
13 15 77.125
13 8 17.875
13 5 55.625
14 63 11.125
14 60 89.5
14 54 48.625
14 48 16.875
14 47 6.25
14 46 75.75
14 39 70.625
14 36 86.75
14 34 89.25
14 31 56.5
14 7 97.5
14 5 56.625
15 55 28.75
15 50 76.5
15 33 48
15 31 13.125
15 14 3.125
15 13 21.25
15 12 26
15 6 34.875
15 4 59
16 56 66.875
16 51 45.5
16 48 15.75
16 43 17.5
16 26 78
16 19 43.75
16 17 14.875
16 3 54.125
16 2 50.25
17 61 58.375
17 60 28.375
17 59 92.625
17 55 97.125
17 52 16.625
17 39 3.5
17 25 46.125
17 22 65.875
17 12 93.625
17 8 54
18 57 34.25
18 49 7.75
18 41 5.125
18 36 29.125
18 32 55.25
18 28 74.25
18 20 34.875
19 61 19.5
19 59 4.75
19 53 66.875
19 48 52.375
19 47 55.875
19 46 98.75
19 38 0.5
19 37 14.625
19 24 28.125
19 20 54.375
19 17 20
19 13 13
19 8 73.25
19 5 84.75
20 57 85.375
20 39 62.125
20 25 61.125
20 22 47.875
20 21 36.625
20 8 9.875
21 52 72.625
21 31 33.25
21 17 35.5
21 12 20.25
21 6 13
22 56 3.375
22 55 83.625
22 50 22
22 46 25.75
22 45 46.5
22 44 17.25
22 32 47.25
22 29 59.375
22 26 14.125
22 25 93.375
22 20 29
22 6 39.375
23 35 76.875
23 34 43.125
23 27 57.375
23 21 56.125
23 16 60
24 36 73.5
24 31 63.625
24 29 89.875
24 25 57.25
24 17 29.125
24 9 99.125
24 4 73.75
24 3 56.375
25 54 63.75
25 49 47.375
25 48 34.125
25 35 92.5
25 28 5.875
25 15 31.375
25 7 81.875
26 63 28.25
26 50 70.5
26 42 1.125
26 31 74.5
26 23 66.25
26 22 12.75
26 15 58
26 12 61.875
27 61 81.125
27 52 48.625
27 18 92.125
27 17 82.5
27 14 86
27 12 80.5
27 5 63.125
28 64 3.75
28 55 85.875
28 17 40.125
28 10 93.875
28 9 25.25
28 1 57.75
29 55 69.25
29 41 48.375
29 36 35.875
29 22 67.375
29 19 44.5
29 17 58.5
30 62 76
30 61 43.75
30 60 48
30 53 68.875
30 52 20.5
30 44 59.625
30 41 52
30 39 75.875
30 25 44.25
30 20 45.5
30 17 86.875
30 13 85.5
30 9 14.125
31 53 91.375
31 50 16.5
31 37 44.25
31 36 42.75
31 32 90
31 28 44.375
31 20 30.75
31 17 98.5
31 1 71.625
32 64 26.625
32 61 8.5
32 52 87.75
32 50 20.125
32 31 74.75
32 29 88.5
32 24 67.625
32 12 26.375
32 6 3.375
32 5 86.125
33 61 59.375
33 57 24
33 50 47.5
33 41 21.375
33 18 69.5
33 16 95.375
33 11 22
33 9 1.875
33 3 27.875
34 57 76.25
34 56 64
34 42 40.125
34 37 67.375
34 28 31
34 26 77.625
34 24 45.625
34 19 68.5
34 11 99.125
34 9 51.5
34 3 53.375
34 1 31.875
35 51 44.5
35 48 44
35 28 39
35 15 38.25
35 11 74.375
35 4 11.75
36 41 57.375
36 38 38.5
36 31 2.5
36 5 67.125
37 64 49.5
37 40 88
37 38 36
37 32 95
37 24 20.75
37 20 63.875
37 18 53
37 14 51.875
37 13 11.5
38 45 9.375
38 28 24.25
38 27 13.25
38 13 99
39 52 1.5
39 49 34
39 47 68.625
39 42 50.125
39 35 6.875
39 21 65.25
39 11 0.125
39 7 13.25
39 3 24.125
40 63 89.5
40 61 31.625
40 59 31.875
40 44 5.25
40 43 70.25
40 35 66.5
40 34 99.75
40 33 65.875
40 9 99.375
41 61 73.875
41 54 48.875
41 50 76
41 44 14.125
41 27 58.625
41 15 78
41 12 15.625
41 1 74.25
42 53 26.125
42 46 64.5
42 36 14.375
42 29 13.5
42 7 35.75
42 1 2.5
43 42 44.25
43 33 76.375
43 30 25.75
43 13 28.625
44 63 38
44 61 94.625
44 45 89.375
44 42 32
44 36 0.75
44 25 38.625
44 22 48.25
44 17 73.625
44 14 48.125
44 3 82.375
45 60 16.75
45 57 10.75
45 43 31.625
45 21 8.25
45 5 88.375
46 64 54.25
46 58 91.75
46 52 70
46 37 68.625
46 31 66.625
46 24 45.875
46 20 93.125
46 18 37.5
46 15 35.625
46 5 42.5
46 1 29
47 61 23
47 52 13.125
47 15 53.25
47 13 83.25
48 56 37.25
48 36 18
48 35 13.375
48 15 43.125
48 9 65.75
49 59 78.625
49 39 2.5
49 31 79.625
49 24 89.125
49 23 28.5
49 17 27
49 10 61.125
49 9 84.625
49 7 37.5
50 63 22.375
50 58 45.75
50 48 42.625
50 47 77.25
50 35 15.625
50 34 55.625
50 22 91
50 15 37.75
51 53 17.75
51 47 77
51 44 91.375
51 26 8.625
51 18 80
52 47 85.75
52 46 59
52 40 71.5
52 24 90.125
52 19 60.625
52 7 18.5
52 2 10.125
53 59 90.125
53 56 12.875
53 37 43.25
53 33 15.75
53 27 77.375
53 11 63.125
53 6 56.25
53 3 53.375
54 62 71.5
54 39 82.25
54 36 10.375
54 27 55.75
54 20 97.75
54 18 84.75
55 58 50
55 37 25
55 32 88
55 22 56.875
55 11 94.375
55 2 51.875
56 53 42.5
56 43 34
56 34 56.625
56 28 94.125
56 16 81.5
56 1 30.125
57 63 91
57 47 66
57 34 65.875
57 27 82.625
57 6 49.5
57 5 64.875
57 1 4.375
58 62 91.625
58 55 87.5
58 51 47.875
58 50 35
58 35 67.125
58 33 74.375
58 32 97.5
58 31 7
58 20 25.25
58 19 7.25
58 10 92.75
58 8 26.625
58 3 83
58 2 97.625
59 57 11.125
59 32 38.625
59 26 84.375
59 15 80.25
60 64 75.25
60 56 17.5
60 52 87.75
60 36 21.25
60 32 9.25
60 29 19.25
60 22 81.75
60 19 6.5
60 18 8.125
60 13 71
60 2 17.875
60 1 49.25
61 62 23.5
61 53 7.125
61 52 53.375
61 49 31.125
61 42 62.875
61 27 82.375
61 10 55.75
62 56 14.375
62 44 8.125
62 21 28.5
62 5 32.125
62 3 2.375
63 49 68.375
63 48 92.375
63 33 69.875
63 32 69.75
63 27 95
63 18 82.875
63 12 76.875
64 32 4.375
64 31 17.25
64 25 80.25
64 22 85.25
64 13 93.5
64 11 25
64 10 69.875
64 4 3.25
