dl
format=edgelist1
n=64
data:
1 61 21.375
1 52 76.625
1 30 80.75
1 15 99.25
1 10 76.25
1 6 25.875
2 50 89.375
2 42 59.25
2 31 82.25
3 58 43.75
3 50 9.875
3 44 37.375
3 40 36.75
3 36 70.875
3 31 28.75
4 64 27
4 61 55.125
4 54 3.125
4 46 9.875
4 41 25.875
4 36 83.75
4 32 97.5
4 23 36.75
4 15 6.125
5 51 24.5
5 44 34.375
5 31 97.75
5 29 45.25
5 28 45.5
5 19 35.625
5 11 63.125
5 10 33
5 6 52.375
6 62 84.875
6 59 53.75
6 43 31.75
6 40 48.75
6 27 31.875
6 25 85.375
6 24 86.25
6 21 12.5
6 20 47.5
6 19 17.375
6 1 46.5
7 58 37.75
7 55 58.875
7 36 83.125
7 31 39.5
7 5 90.125
7 3 58.25
7 1 43.875
8 55 96.875
8 46 4.25
8 45 99.5
8 38 11.5
8 22 53.625
8 21 67.625
8 15 82
8 10 92.25
8 5 82.375
8 4 79.75
8 3 40.625
9 52 28.875
9 49 42.5
9 44 24
9 36 52.75
9 35 36.75
9 25 51.25
9 21 61.75
9 19 64.75
10 63 64.75
10 62 39.375
10 50 95.5
10 34 39.25
10 33 26.875
10 26 7.75
10 21 4.25
10 18 55.625
10 11 83.5
10 7 52.625
11 48 69.75
11 43 82.25
11 42 58.5
11 39 45.25
11 35 54.25
11 17 40.25
11 15 73
11 1 28.125
12 62 15.375
12 61 39.875
12 53 17.125
12 49 34
12 46 90.5
12 32 39.75
12 25 29.375
12 19 57.875
12 16 76
12 14 15.125
12 10 48.25
12 7 62.25
13 36 27.25
13 35 10.25
13 32 42.375
13 19 27.5
13 18 60.375
13 17 4.375
13 15 87.25
14 47 70.625
14 34 85.375
14 29 49.375
14 17 33.125
14 9 24.75
14 5 88.5
15 57 90.125
15 55 27.75
15 49 8.875
15 48 97.875
15 43 88.625
15 37 45.5
15 36 51.25
15 33 62.375
15 25 40.375
15 21 77.875
15 16 76
15 13 35.5
15 6 38.375
16 61 26
16 56 68.625
16 52 84.25
16 42 21.125
16 9 45
17 53 22.875
17 50 63.5
17 45 24.375
17 44 86.75
17 43 49.375
17 34 5
17 32 91.625
17 24 97.375
17 20 70.5
17 18 1.75
17 6 13.375
18 61 42.75
18 52 32.625
18 48 75.75
18 27 53.75
18 23 94.75
18 16 97.75
18 14 74.75
18 13 61.375
18 1 23.5
19 62 69.625
19 53 83.125
19 51 50.375
19 43 86.5
19 42 84.375
19 39 81.625
19 35 56.25
19 33 7.75
19 29 32.625
19 8 35.25
19 7 48.5
19 2 43
20 63 25.75
20 60 67.375
20 56 67.625
20 49 96
20 44 2.125
20 42 56
20 39 48.625
20 23 23.125
20 17 64.5
20 12 1.5
20 7 24.125
21 64 4.875
21 63 81.875
21 58 71.625
21 53 72
21 52 56.625
21 46 17.375
21 24 1.75
21 22 34.25
21 13 17.25
22 49 23.25
22 46 4
22 45 21.625
22 39 43.875
22 27 86.25
22 15 56.125
22 6 30.625
22 4 13.25
23 62 76.75
23 57 64.5
23 54 32.25
23 49 13
23 42 9.75
23 22 17.5
24 62 27.125
24 52 32.75
24 47 4.125
24 45 92.5
24 44 74.125
24 43 4.875
24 34 50.75
24 20 11.625
24 19 15.625
24 18 34.5
24 8 64
24 6 50.875
24 4 39.5
24 3 68
24 1 58.25
25 64 83.625
25 58 12.5
25 40 2
25 39 35.25
25 32 95.125
25 28 2.375
25 27 31.125
25 14 8.125
25 10 45.5
26 55 54
26 41 83.5
26 40 22.75
26 39 46.25
26 32 50.875
26 23 63.375
26 4 62.375
26 2 18.875
27 62 50.375
27 60 56
27 37 83.125
27 30 60.875
27 26 54.75
27 23 71.875
27 20 40.5
27 6 43.5
27 3 32.875
27 1 10.125
28 59 99
28 56 62.75
28 48 27
28 44 42
28 35 45
28 11 15.375
28 1 94.5
29 58 85.375
29 50 4.375
29 45 22
29 38 99.75
29 25 4.5
29 12 30
29 7 60.125
29 3 70.875
30 59 82.875
30 49 21.25
30 41 30.5
30 33 85.875
30 26 88.25
30 25 61.375
30 20 68.25
30 19 48.625
30 5 14.375
30 2 46.25
31 62 48.625
31 53 42.875
31 52 0.375
31 48 82.625
31 43 99.75
31 27 59.125
31 25 99.25
31 15 69.375
31 8 3.25
31 4 55.625
31 1 59.75
32 51 14
32 49 74
32 36 77.625
32 35 11.125
32 30 96.375
32 18 22
32 1 49.125
33 58 50.25
33 31 87.125
33 25 83
33 21 32.75
33 8 38.75
34 55 45.5
34 51 49.875
34 47 48.125
34 44 45.5
34 40 41.125
34 39 48.25
34 27 99.875
34 22 28.625
34 18 74.625
35 56 19.75
35 52 39.25
35 51 67.5
35 49 16.875
35 48 98.5
35 45 47
35 36 73.25
35 16 3.125
35 12 12.5
35 11 14
35 10 79.875
35 8 31.75
36 54 34
36 43 79.375
36 42 63
36 31 20.375
36 25 4.875
36 24 41.375
36 18 87.375
36 9 89.125
36 7 90.625
37 58 68.625
37 51 2.875
37 40 72.625
37 20 76.25
37 5 4.375
37 3 41.375
38 60 33.25
38 46 94.5
38 36 59
38 35 63.875
38 25 2.75
38 10 81.875
39 58 61.125
39 51 31.75
39 50 56
39 15 46.5
39 14 5.375
39 10 15.625
39 8 21
40 64 40.375
40 61 64.25
40 58 67.375
40 54 69.375
40 53 32
40 51 65
40 36 97
40 30 76.75
40 4 31.375
41 58 32.875
41 47 2.125
41 44 63.25
41 42 38
41 39 17.125
41 38 26.5
41 30 25.125
41 27 28.5
41 26 90.5
41 19 25.125
41 17 20.875
41 16 19.875
41 13 61.75
41 10 69.75
41 9 64.625
42 38 12.5
42 30 86.5
42 21 69.625
42 15 51.25
42 13 95.875
42 8 18
43 48 72.875
43 29 97.125
43 13 10
43 1 69.625
44 56 20
44 53 25.5
44 46 7.625
44 25 25.75
44 11 56
44 8 23.75
44 5 94.5
45 56 32.625
45 54 10.375
45 51 86.625
45 49 29.625
45 27 73.625
45 22 57
45 18 93.375
45 11 11.75
45 5 5
46 54 42.625
46 48 58.5
46 32 10
46 22 63.25
46 16 29.5
46 9 10.375
46 2 79.125
47 55 17.625
47 53 87.875
47 48 53.75
47 33 50.875
47 27 29.75
47 20 60.125
47 13 98
47 7 0.5
47 1 5.5
48 64 96.75
48 38 89.625
48 25 82.25
48 17 77.125
49 62 24.75
49 59 23
49 57 71.375
49 50 4.5
49 48 84.25
49 43 5.75
49 39 13.5
49 36 74.5
49 34 51.625
49 23 55.5
49 10 5.5
49 9 22.875
50 58 22.125
50 55 85.5
50 48 73.625
50 35 30.875
50 26 73.75
51 57 11.625
51 55 39
51 49 96.125
51 48 42
51 29 72.625
51 26 7.5
51 21 20.25
51 17 60.75
51 9 96.875
52 62 43.875
52 60 38.75
52 38 43.875
52 33 5.125
52 18 53.375
53 59 13.75
53 45 48.25
53 23 81.25
53 13 63.125
54 64 60.875
54 56 4
54 53 83.875
54 43 39.5
54 27 20.125
54 26 82.625
54 10 50.25
54 8 1.875
55 63 2.625
55 60 92.75
55 59 28.125
55 48 13.375
55 44 98.5
55 27 37.625
55 19 36.25
56 64 17.875
56 62 42.125
56 61 23.875
56 38 77.375
56 37 62.625
56 35 30.25
56 30 57
56 23 67.625
56 19 98
56 18 58.75
56 14 1.625
56 13 32.25
57 60 0.5
57 58 22.75
57 55 58
57 53 67.875
57 50 87.125
57 46 88.625
57 43 61.375
57 41 9.375
57 33 64.75
57 31 90
57 21 25.125
57 5 74.625
57 2 95.25
58 57 75.375
58 49 20.875
58 37 11.5
58 31 11.375
58 15 90.5
58 13 32.5
58 11 64.5
58 6 79.125
58 4 90.375
58 3 27.5
59 46 43.625
59 31 73
59 21 34.125
59 17 35
60 61 34.875
60 57 32.375
60 54 46
60 51 36.625
60 49 43.25
60 45 85.5
60 37 49.625
60 33 74.375
60 30 5.375
60 7 3.25
60 3 77.5
60 2 67.375
61 53 15.125
61 40 30.625
61 36 18
61 35 59.125
61 20 11.125
61 19 28.625
61 8 59.625
62 63 82.875
62 56 46.125
62 44 34.75
62 37 20
62 19 46.5
62 17 31.375
63 59 73.125
63 55 66
63 41 48.75
63 33 4.375
63 28 24
63 19 53.875
63 5 53.375
63 1 3
64 62 73.75
64 58 21.125
64 50 22.375
64 48 22.625
64 39 73.5
64 22 99.75
64 12 74.5
64 6 27.625
64 1 20.375
