1 0.000
2 40.125
3 40.000
4 37.125
5 41.000
6 49.750
7 49.375
8 37.875
9 39.375
10 44.750
11 43.375
12 48.250
13 43.500
14 43.125
15 42.000
16 50.000
17 40.875
18 49.875
19 41.500
20 37.375
21 34.750
22 35.375
23 34.250
24 41.875
25 39.625
26 43.000
27 44.500
28 36.750
29 41.375
30 53.750
31 50.875
32 45.250
33 32.875
34 40.375
35 39.875
36 38.500
37 39.000
38 41.000
39 30.750
40 37.000
41 35.625
42 25.375
43 45.875
44 36.625
45 44.125
46 49.000
47 40.250
48 46.750
49 50.000
50 35.250
51 33.250
52 47.500
53 36.625
54 63.625
55 48.625
56 53.875
57 42.000
58 42.250
59 50.500
60 50.875
61 45.250
62 37.375
63 42.625
64 36.125
65 46.375
66 23.000
67 39.500
68 37.750
69 42.875
70 48.625
71 40.500
72 50.875
73 43.250
74 34.875
75 23.500
76 49.500
77 50.375
78 52.625
79 45.375
80 51.250
81 40.500
82 44.625
83 33.375
84 27.000
85 44.125
86 38.250
87 48.250
88 42.125
89 63.125
90 41.625
91 28.500
92 28.125
93 53.250
94 46.125
95 33.125
96 49.750
97 34.000
98 26.125
99 42.750
100 45.125
