1 0.000
2 29.875
3 29.500
4 25.750
5 28.250
6 40.125
7 27.375
8 33.500
9 38.375
10 40.250
11 35.375
12 47.875
13 45.750
14 42.500
15 35.000
16 34.500
17 15.000
18 43.625
19 40.625
20 36.750
21 27.500
22 37.250
23 33.500
24 32.000
25 40.750
26 37.875
27 52.125
28 39.125
29 27.625
30 54.000
31 34.500
32 22.500
33 37.125
34 6.250
35 46.000
36 32.125
37 33.625
38 38.750
39 41.750
40 37.500
41 32.500
42 24.875
43 31.000
44 31.625
45 43.000
46 17.375
47 24.125
48 24.750
49 40.375
50 42.625
51 38.750
52 22.375
53 22.500
54 42.875
55 39.625
56 26.500
57 15.625
58 28.375
59 31.000
60 36.875
61 30.750
62 35.750
63 45.625
64 37.125
65 38.000
66 44.500
67 38.500
68 28.875
69 24.250
70 25.500
71 34.875
72 38.750
73 38.625
74 31.375
75 40.875
76 37.625
77 36.625
78 35.500
79 37.500
80 28.625
81 36.250
82 26.750
83 50.500
84 29.625
85 35.500
86 19.125
87 29.000
88 27.250
89 44.750
90 41.250
91 39.250
92 25.000
93 33.750
94 24.000
95 26.500
96 24.625
97 23.625
98 37.750
99 49.000
100 30.250
101 33.625
102 18.750
103 41.000
104 19.375
105 37.875
106 16.625
107 36.750
108 25.000
109 22.250
110 25.750
111 27.000
112 27.500
113 42.625
114 36.750
115 41.500
116 27.000
117 35.125
118 38.000
119 24.875
120 28.750
121 31.625
122 28.875
123 50.625
124 39.375
125 45.000
126 23.875
127 39.875
128 38.500
129 42.125
130 30.875
131 30.625
132 41.500
133 51.250
134 12.500
135 34.750
136 42.000
137 27.500
138 38.000
139 36.250
140 30.625
141 30.750
142 36.750
143 41.625
144 37.250
145 20.125
146 35.625
147 30.625
148 34.750
149 25.375
150 35.125
151 32.875
152 34.250
153 42.375
154 28.750
155 34.000
156 16.625
157 44.125
158 32.750
159 27.250
160 47.750
161 28.125
162 37.125
163 37.000
164 33.625
165 31.125
166 30.625
167 37.875
168 29.250
169 47.000
170 30.750
171 30.750
172 30.125
173 35.625
174 38.000
175 33.750
176 42.125
177 32.000
178 35.625
179 44.500
180 47.375
181 32.375
182 20.625
183 26.125
184 36.875
185 37.875
186 22.875
187 34.500
188 29.125
189 35.500
190 43.500
191 51.375
192 39.750
193 18.750
194 54.875
195 35.375
196 34.750
197 23.875
198 36.000
199 37.000
200 29.750
201 31.125
202 31.000
203 29.500
204 25.125
205 31.750
206 30.375
207 35.750
208 41.000
209 10.750
210 43.250
211 33.000
212 32.125
213 41.375
214 29.125
215 47.500
216 34.750
217 50.750
218 40.625
219 14.750
220 27.125
221 36.125
222 19.375
223 41.750
224 30.000
225 43.125
226 35.125
227 31.500
228 20.875
229 21.250
230 33.125
231 34.750
232 41.375
233 36.000
234 18.125
235 26.875
236 37.375
237 32.625
238 8.750
239 44.375
240 36.000
241 20.125
242 27.125
243 33.375
244 31.875
245 38.500
246 34.125
247 24.125
248 35.750
249 23.750
250 31.000
251 34.000
252 19.875
253 29.500
254 41.125
255 39.000
256 29.500
257 42.375
258 28.875
259 36.000
260 43.750
261 33.625
262 62.125
263 20.000
264 29.000
265 56.250
266 37.125
267 42.625
268 34.125
269 37.875
270 39.375
271 31.000
272 26.750
273 37.750
274 30.250
275 31.375
276 42.125
277 17.250
278 31.750
279 39.250
280 33.875
281 42.250
282 26.375
283 40.875
284 27.875
285 17.125
286 32.625
287 42.000
288 72.625
289 25.875
290 33.500
291 50.875
292 30.625
293 48.625
294 18.625
295 37.000
296 41.125
297 46.625
298 36.125
299 42.875
300 36.000
301 36.875
302 39.250
303 35.750
304 34.000
305 41.125
306 22.250
307 46.000
308 22.500
309 33.375
310 40.875
311 19.250
312 38.625
313 40.125
314 51.125
315 11.750
316 51.750
317 26.500
318 25.875
319 26.875
320 37.375
321 14.875
322 38.125
323 34.875
324 42.000
325 35.500
326 35.375
327 44.625
328 39.000
329 34.875
330 33.375
331 32.250
332 36.250
333 34.250
334 31.625
335 43.000
336 61.375
337 24.250
338 28.750
339 35.750
340 34.125
341 31.375
342 34.500
343 26.250
344 26.375
345 30.250
346 27.500
347 22.000
348 14.000
349 40.500
350 48.500
351 39.625
352 30.750
353 31.875
354 52.125
355 26.375
356 40.500
357 14.000
358 25.750
359 30.875
360 29.000
361 21.500
362 35.375
363 28.125
364 23.875
365 57.125
366 23.375
367 25.625
368 26.500
369 31.375
370 34.000
371 46.750
372 34.125
373 37.000
374 40.875
375 39.250
376 40.375
377 17.500
378 29.375
379 48.500
380 38.375
381 33.000
382 56.375
383 18.500
384 26.125
385 50.625
386 74.375
387 30.125
388 29.125
389 27.625
390 34.500
391 33.000
392 24.125
393 39.875
394 39.625
395 34.500
396 41.875
397 18.125
398 39.375
399 35.125
400 38.750
401 23.000
402 38.000
403 43.625
404 37.875
405 25.250
406 40.500
407 40.625
408 39.625
409 24.500
410 37.875
411 31.625
412 43.000
413 31.750
414 33.250
415 48.750
416 46.625
417 21.875
418 34.625
419 44.375
420 44.875
421 23.000
422 27.250
423 35.500
424 38.125
425 35.750
426 38.875
427 54.875
428 27.625
429 28.000
430 36.125
431 25.500
432 35.500
433 32.875
434 43.000
435 48.500
436 41.250
437 33.000
438 42.000
439 36.500
440 25.250
441 41.250
442 49.875
443 36.750
444 18.250
445 38.375
446 39.125
447 39.375
448 31.125
449 31.500
450 40.250
451 46.375
452 34.250
453 23.125
454 31.000
455 38.875
456 36.500
457 42.125
458 42.875
459 37.125
460 29.875
461 48.250
462 38.625
463 19.375
464 50.250
465 31.750
466 41.875
467 14.750
468 37.125
469 38.750
470 20.750
471 45.125
472 41.125
473 39.875
474 34.500
475 21.500
476 42.000
477 23.500
478 35.000
479 26.000
480 30.000
481 35.625
482 37.750
483 32.375
484 32.375
485 45.375
486 29.125
487 28.250
488 30.125
489 30.625
490 41.625
491 41.000
492 35.375
493 39.875
494 35.250
495 33.125
496 26.500
497 42.875
498 38.000
499 38.875
500 38.500
501 33.250
502 33.875
503 35.875
504 31.750
505 47.875
506 21.000
507 36.375
508 33.750
509 27.750
510 33.875
511 34.500
512 20.500
513 36.625
514 40.875
515 30.625
516 31.250
517 41.875
518 26.625
519 28.000
520 33.375
521 34.250
522 32.750
523 27.000
524 44.000
525 32.250
526 42.875
527 41.250
528 13.250
529 41.750
530 31.625
531 31.625
532 54.750
533 37.625
534 48.500
535 35.750
536 42.125
537 31.375
538 42.250
539 49.625
540 38.625
541 18.000
542 38.375
543 40.500
544 41.750
545 48.250
546 48.500
547 31.125
548 21.125
549 41.125
550 50.375
551 40.500
552 36.125
553 30.500
554 49.375
555 47.125
556 43.500
557 28.375
558 36.500
559 27.000
560 37.875
561 33.125
562 41.750
563 46.875
564 46.000
565 36.125
566 28.500
567 27.500
568 43.625
569 32.500
570 34.750
571 32.500
572 31.000
573 34.875
574 32.375
575 27.250
576 9.250
577 31.125
578 32.625
579 23.875
580 28.250
581 26.750
582 27.375
583 39.875
584 34.750
585 38.625
586 35.125
587 35.500
588 25.125
589 35.500
590 24.750
591 53.000
592 21.375
593 43.000
594 35.125
595 24.750
596 33.375
597 31.750
598 40.250
599 25.875
600 31.000
601 31.500
602 36.375
603 17.125
604 59.750
605 17.375
606 26.125
607 49.125
608 33.000
609 27.500
610 31.625
611 19.625
612 40.375
613 29.625
614 28.375
615 28.375
616 27.750
617 36.625
618 39.375
619 32.000
620 34.375
621 29.500
622 16.750
623 16.875
624 48.875
625 34.500
626 26.000
627 43.750
628 31.625
629 24.000
630 18.625
631 20.125
632 47.875
633 40.125
634 33.250
635 31.500
636 27.000
637 34.125
638 38.375
639 14.500
640 36.375
641 18.625
642 29.500
643 36.750
644 43.750
645 23.375
646 46.000
647 34.875
648 44.375
649 43.125
650 20.500
651 32.875
652 35.375
653 21.250
654 35.375
655 26.125
656 28.875
657 24.875
658 22.125
659 27.250
660 17.875
661 34.500
662 23.250
663 41.375
664 40.375
665 43.125
666 32.875
667 23.750
668 28.625
669 41.750
670 27.875
671 39.875
672 39.250
673 29.000
674 32.500
675 28.875
676 28.375
677 22.000
678 41.625
679 39.125
680 26.125
681 33.625
682 27.375
683 28.750
684 30.500
685 25.000
686 35.250
687 33.375
688 35.125
689 37.250
690 36.125
691 45.875
692 45.875
693 48.375
694 19.750
695 61.875
696 33.750
697 44.125
698 33.500
699 32.625
700 29.375
701 43.750
702 39.375
703 29.125
704 22.250
705 33.625
706 28.875
707 32.375
708 35.875
709 29.875
710 40.125
711 34.250
712 43.750
713 39.250
714 39.875
715 39.875
716 29.500
717 27.000
718 35.750
719 55.250
720 36.125
721 31.750
722 33.625
723 27.000
724 13.125
725 37.625
726 24.875
727 26.750
728 20.250
729 50.000
730 37.875
731 36.625
732 34.875
733 22.625
734 26.625
735 35.375
736 38.250
737 35.000
738 36.750
739 33.500
740 35.875
741 26.125
742 39.375
743 58.250
744 19.750
745 32.000
746 44.500
747 29.250
748 27.125
749 32.250
750 38.000
751 28.375
752 31.125
753 32.250
754 31.250
755 35.125
756 32.875
757 36.125
758 40.375
759 69.000
760 27.250
761 44.125
762 38.500
763 39.875
764 30.000
765 38.375
766 29.125
767 40.500
768 18.750
769 37.875
770 29.125
771 31.125
772 31.000
773 46.500
774 37.875
775 32.500
776 26.250
777 7.375
778 20.875
779 26.375
780 43.375
781 29.625
782 33.375
783 35.125
784 28.500
785 31.875
786 39.625
787 39.625
788 39.250
789 37.125
790 29.500
791 43.250
792 30.250
793 39.250
794 24.125
795 37.875
796 39.500
797 27.125
798 44.250
799 38.125
800 47.375
801 16.875
802 28.875
803 39.875
804 25.875
805 22.000
806 28.625
807 49.375
808 16.500
809 31.875
810 36.500
811 35.375
812 35.750
813 30.250
814 24.500
815 27.125
816 51.250
817 43.125
818 20.750
819 41.750
820 28.625
821 35.625
822 45.500
823 37.375
824 40.375
825 30.000
826 32.500
827 36.750
828 40.875
829 42.500
830 33.375
831 25.875
832 29.375
833 41.125
834 29.750
835 36.125
836 32.000
837 44.500
838 32.250
839 32.375
840 29.000
841 37.375
842 49.500
843 55.750
844 29.625
845 33.375
846 12.500
847 36.500
848 21.875
849 46.250
850 42.375
851 48.875
852 41.875
853 42.250
854 39.000
855 48.875
856 47.875
857 46.125
858 26.125
859 37.125
860 20.000
861 39.125
862 34.125
863 34.500
864 27.750
865 31.125
866 18.750
867 25.250
868 18.000
869 37.875
870 43.625
871 48.375
872 21.375
873 42.250
874 30.625
875 27.250
876 32.875
877 39.750
878 39.500
879 44.375
880 31.250
881 43.500
882 37.500
883 29.875
884 32.375
885 48.500
886 23.875
887 41.375
888 33.000
889 31.125
890 20.750
891 39.500
892 32.500
893 29.625
894 28.375
895 35.000
896 40.125
897 44.375
898 28.625
899 27.625
900 31.875
901 36.875
902 30.750
903 24.750
904 30.125
905 25.500
906 43.000
907 25.125
908 22.750
909 31.500
910 50.250
911 26.500
912 34.625
913 38.625
914 29.750
915 34.625
916 29.500
917 39.000
918 44.500
919 26.000
920 24.125
921 31.625
922 23.375
923 28.125
924 50.875
925 33.375
926 42.625
927 42.500
928 30.000
929 42.500
930 42.250
931 43.250
932 35.000
933 35.625
934 26.750
935 34.875
936 47.375
937 38.375
938 43.375
939 32.625
940 43.875
941 26.500
942 40.125
943 31.375
944 20.750
945 36.500
946 44.625
947 39.875
948 31.500
949 13.875
950 28.250
951 32.125
952 20.125
953 36.125
954 29.000
955 28.250
956 32.875
957 34.375
958 21.625
959 33.875
960 14.000
961 30.500
962 32.500
963 28.250
964 15.750
965 33.250
966 40.625
967 38.250
968 31.875
969 36.875
970 38.125
971 38.625
972 39.000
973 34.625
974 5.125
975 44.000
976 51.000
977 35.500
978 41.000
979 25.625
980 50.875
981 16.250
982 36.000
983 36.500
984 24.250
985 31.500
986 35.625
987 38.875
988 19.375
989 41.000
990 34.250
991 38.125
992 41.375
993 35.250
994 33.375
995 29.875
996 20.875
997 37.250
998 31.500
999 31.250
1000 24.875
