1 0.000
2 22.875
3 10.250
4 7.125
5 32.500
6 7.125
7 10.500
8 17.250
9 18.750
10 13.750
11 22.875
12 14.750
13 14.875
14 0.375
15 22.375
16 12.625
17 15.875
18 14.375
19 16.625
20 15.625
21 24.250
22 33.125
23 13.000
24 6.500
25 27.000
26 12.375
27 9.500
28 23.625
29 14.375
30 11.125
31 20.875
32 14.875
33 7.125
34 13.750
35 5.500
36 9.875
37 14.875
38 32.625
39 1.750
40 11.125
41 18.000
42 19.125
43 13.750
44 18.125
45 9.250
46 17.000
47 17.500
48 1.750
49 15.375
50 15.375
51 10.375
52 19.000
53 20.000
54 36.750
55 5.500
56 15.000
57 20.000
58 6.375
59 13.750
60 27.750
61 19.625
62 10.625
63 8.500
64 16.875
65 23.750
66 14.125
67 16.375
68 12.500
69 25.750
70 6.125
71 17.875
72 13.875
73 16.500
74 26.625
75 12.125
76 22.125
77 15.375
78 19.875
79 19.750
80 21.250
81 14.875
82 10.500
83 22.500
84 8.375
85 4.250
86 16.875
87 11.500
88 15.375
89 13.250
90 7.125
91 7.125
92 14.250
93 15.875
94 16.625
95 10.250
96 12.125
97 19.375
98 7.000
99 24.375
100 10.375
