1 0.000
2 43.250
3 37.250
4 34.750
5 21.000
6 36.000
7 27.625
8 25.625
9 25.125
10 27.125
11 29.000
12 41.125
13 41.125
14 33.000
15 40.875
16 44.375
17 40.500
18 34.875
19 30.625
20 36.125
21 38.625
22 49.250
23 35.500
24 26.750
25 42.250
26 51.125
27 38.000
28 42.625
29 23.375
30 32.625
31 34.500
32 49.375
33 38.125
34 33.125
35 29.375
36 40.375
37 23.750
38 41.875
39 40.125
40 44.875
41 47.250
42 31.000
43 17.750
44 36.875
45 47.125
46 28.125
47 37.250
48 28.750
49 65.375
50 35.000
51 37.250
52 44.625
53 49.500
54 23.625
55 51.000
56 37.625
57 47.000
58 49.875
59 32.875
60 45.000
61 40.375
62 31.500
63 18.125
64 30.750
65 26.875
66 43.125
67 51.875
68 35.250
69 60.750
70 41.625
71 27.500
72 29.500
73 36.125
74 60.125
75 38.250
76 21.250
77 32.000
78 31.375
79 62.500
80 35.375
81 37.750
82 55.500
83 48.750
84 57.875
85 40.750
86 34.000
87 32.000
88 24.125
89 23.500
90 32.625
91 34.000
92 35.875
93 27.125
94 34.250
95 34.250
96 27.750
97 37.875
98 34.875
99 45.875
100 31.125
101 31.500
102 32.250
103 54.000
104 14.375
105 28.375
106 44.375
107 32.875
108 34.750
109 39.375
110 31.625
111 38.750
112 33.875
113 34.500
114 29.375
115 45.000
116 43.000
117 31.250
118 35.250
119 39.125
120 36.750
121 44.500
122 26.125
123 21.250
124 31.125
125 38.875
126 40.625
127 30.500
128 31.000
129 45.125
130 41.125
131 39.625
132 39.875
133 45.375
134 39.625
135 32.875
136 40.000
137 44.250
138 21.875
139 39.375
140 35.125
141 17.125
142 37.375
143 67.375
144 46.125
145 12.375
146 49.875
147 59.625
148 34.500
149 33.500
150 30.625
151 32.250
152 41.250
153 27.750
154 38.875
155 50.375
156 31.625
157 35.125
158 32.125
159 31.000
160 47.375
161 32.625
162 38.875
163 39.750
164 38.375
165 40.125
166 36.375
167 55.875
168 37.250
169 31.125
170 42.875
171 45.875
172 14.125
173 46.125
174 29.500
175 35.000
176 34.625
177 28.625
178 30.750
179 44.500
180 26.875
181 31.125
182 45.875
183 34.125
184 38.375
185 38.375
186 36.875
187 37.375
188 20.875
189 23.250
190 30.125
191 36.250
192 49.500
193 36.750
194 43.000
195 48.125
196 49.125
197 31.500
198 33.875
199 34.250
200 36.375
201 34.125
202 44.500
203 40.000
204 30.125
205 32.375
206 31.750
207 25.375
208 42.000
209 19.875
210 42.875
211 39.250
212 35.375
213 20.500
214 23.250
215 39.875
216 24.000
217 39.625
218 31.750
219 24.250
220 41.000
221 39.375
222 33.500
223 40.250
224 37.750
225 36.250
226 41.250
227 34.875
228 26.125
229 39.250
230 39.625
231 33.250
232 51.750
233 38.250
234 45.000
235 40.375
236 37.250
237 56.000
238 45.875
239 29.375
240 46.750
241 33.125
242 40.750
243 23.500
244 39.750
245 37.875
246 39.250
247 28.375
248 26.500
249 60.125
250 25.375
251 44.125
252 25.375
253 41.500
254 26.000
255 30.625
256 34.625
257 39.125
258 53.125
259 43.875
260 35.625
261 36.125
262 45.750
263 33.625
264 45.875
265 28.000
266 44.125
267 28.125
268 25.875
269 38.750
270 38.625
271 31.625
272 33.625
273 39.375
274 34.125
275 40.625
276 39.625
277 45.375
278 39.625
279 32.875
280 17.250
281 41.000
282 40.625
283 42.000
284 36.375
285 36.875
286 45.000
287 33.000
288 46.250
289 34.125
290 27.250
291 36.125
292 44.625
293 22.125
294 15.625
295 31.375
296 40.375
297 43.375
298 43.625
299 29.125
300 30.375
301 30.875
302 27.250
303 35.750
304 27.125
305 32.875
306 35.125
307 36.375
308 29.875
309 31.750
310 6.625
311 35.000
312 39.625
313 72.625
314 32.750
315 33.500
316 30.375
317 49.000
318 32.125
319 31.000
320 68.750
321 25.000
322 25.000
323 21.625
324 37.750
325 28.000
326 38.375
327 39.125
328 36.500
329 31.875
330 34.250
331 27.750
332 28.875
333 42.125
334 41.375
335 39.250
336 36.625
337 40.375
338 29.375
339 35.875
340 37.625
341 27.500
342 27.125
343 45.625
344 74.750
345 6.750
346 40.375
347 43.375
348 39.375
349 45.000
350 38.750
351 38.625
352 29.500
353 33.375
354 35.375
355 21.375
356 14.875
357 39.625
358 54.125
359 29.375
360 36.125
361 37.125
362 33.625
363 53.625
364 31.125
365 31.500
366 38.250
367 52.375
368 50.500
369 27.125
370 34.875
371 22.000
372 33.875
373 53.375
374 31.000
375 34.250
376 52.000
377 47.750
378 50.000
379 29.375
380 45.750
381 23.250
382 42.125
383 33.250
384 38.750
385 27.750
386 41.500
387 35.625
388 46.375
389 30.625
390 39.875
391 39.250
392 49.375
393 43.750
394 39.125
395 31.000
396 48.125
397 36.125
398 35.875
399 53.750
400 4.875
401 42.000
402 33.625
403 41.250
404 45.125
405 46.375
406 45.625
407 30.750
408 35.000
409 41.250
410 30.375
411 39.125
412 30.500
413 37.500
414 31.250
415 16.500
416 27.375
417 27.500
418 40.375
419 49.750
420 26.500
421 46.000
422 54.000
423 31.500
424 45.000
425 41.750
426 31.625
427 35.750
428 44.000
429 34.625
430 33.500
431 17.625
432 25.625
433 36.250
434 41.250
435 29.875
436 51.500
437 27.250
438 34.500
439 37.500
440 39.875
441 36.375
442 37.750
443 46.000
444 27.125
445 30.625
446 40.750
447 43.250
448 27.125
449 38.625
450 41.125
451 26.375
452 9.375
453 39.250
454 41.750
455 23.625
456 40.875
457 37.250
458 18.375
459 39.750
460 36.250
461 52.125
462 38.250
463 50.250
464 27.875
465 48.625
466 39.625
467 44.500
468 38.500
469 37.375
470 43.125
471 34.875
472 19.125
473 53.125
474 31.000
475 64.375
476 42.500
477 42.625
478 60.875
479 34.875
480 36.375
481 27.000
482 38.750
483 45.750
484 31.375
485 37.250
486 39.875
487 30.750
488 32.500
489 41.375
490 50.875
491 38.125
492 41.875
493 33.875
494 39.000
495 36.125
496 35.750
497 40.125
498 41.875
499 31.625
500 40.250
501 38.250
502 34.500
503 54.250
504 27.000
505 32.125
506 51.500
507 33.125
508 35.875
509 48.750
510 39.625
511 52.000
512 31.875
513 52.375
514 23.750
515 23.625
516 40.250
517 37.500
518 27.000
519 27.125
520 35.000
521 44.125
522 39.000
523 29.625
524 47.000
525 41.125
526 25.625
527 43.500
528 41.250
529 33.375
530 46.125
531 42.500
532 19.750
533 32.375
534 27.375
535 41.125
536 33.000
537 31.375
538 29.125
539 28.250
540 30.625
541 47.125
542 26.500
543 24.750
544 35.000
545 44.000
546 44.625
547 48.625
548 33.125
549 27.875
550 33.625
551 45.625
552 30.250
553 39.125
554 40.375
555 34.125
556 8.500
557 36.500
558 39.375
559 42.625
560 40.500
561 46.875
562 28.625
563 36.875
564 36.000
565 35.250
566 35.125
567 45.250
568 29.250
569 42.375
570 44.375
571 35.750
572 23.125
573 44.375
574 48.250
575 41.375
576 43.125
577 40.875
578 32.500
579 55.250
580 51.125
581 38.750
582 32.250
583 40.750
584 45.000
585 26.125
586 42.375
587 19.375
588 45.375
589 31.000
590 28.500
591 41.375
592 27.625
593 52.250
594 18.750
595 29.375
596 36.500
597 44.625
598 30.875
599 57.750
600 52.375
601 35.000
602 25.375
603 38.375
604 35.000
605 33.500
606 39.250
607 25.125
608 27.375
609 36.500
610 20.000
611 42.750
612 24.125
613 27.125
614 40.125
615 31.625
616 34.250
617 35.875
618 41.375
619 41.750
620 26.250
621 52.125
622 28.875
623 30.500
624 35.500
625 40.750
626 51.625
627 58.375
628 51.500
629 20.000
630 20.250
631 39.125
632 17.750
633 25.125
634 45.875
635 36.000
636 22.000
637 44.000
638 39.625
639 36.875
640 35.250
641 31.250
642 45.125
643 32.500
644 37.250
645 48.875
646 35.750
647 37.750
648 51.375
649 45.500
650 38.625
651 38.000
652 26.000
653 53.000
654 29.750
655 36.625
656 41.500
657 25.500
658 39.625
659 22.000
660 31.250
661 31.250
662 44.375
663 24.500
664 27.125
665 37.875
666 25.375
667 46.500
668 31.375
669 44.000
670 41.625
671 34.875
672 26.125
673 30.250
674 46.500
675 49.375
676 40.625
677 35.625
678 43.125
679 30.875
680 33.875
681 24.500
682 56.000
683 32.000
684 45.625
685 35.875
686 40.750
687 42.000
688 28.750
689 31.375
690 39.500
691 45.625
692 38.375
693 40.250
694 39.750
695 42.250
696 46.750
697 27.875
698 34.500
699 56.125
700 35.500
701 28.500
702 27.000
703 34.625
704 44.875
705 55.875
706 37.125
707 30.250
708 35.625
709 31.250
710 37.375
711 46.375
712 29.750
713 41.250
714 28.000
715 30.125
716 40.875
717 31.875
718 40.375
719 33.125
720 31.750
721 21.500
722 26.000
723 31.750
724 46.500
725 41.625
726 41.000
727 39.250
728 28.875
729 44.375
730 38.125
731 33.625
732 45.125
733 39.500
734 39.375
735 37.500
736 41.125
737 42.625
738 31.750
739 26.375
740 37.625
741 34.500
742 37.000
743 41.750
744 35.000
745 47.125
746 41.000
747 28.375
748 42.250
749 46.000
750 41.375
751 22.000
752 35.750
753 39.375
754 35.000
755 35.375
756 37.250
757 25.625
758 32.500
759 38.750
760 37.375
761 28.125
762 33.500
763 30.625
764 42.625
765 39.375
766 27.625
767 37.375
768 42.500
769 38.000
770 28.250
771 29.875
772 41.875
773 38.875
774 38.750
775 28.250
776 30.875
777 38.250
778 38.125
779 31.625
780 44.375
781 16.250
782 39.500
783 35.500
784 25.375
785 33.625
786 20.875
787 42.000
788 23.125
789 27.375
790 42.875
791 52.500
792 30.375
793 43.500
794 37.625
795 37.875
796 55.500
797 33.875
798 29.625
799 39.125
800 34.875
801 54.000
802 36.000
803 21.125
804 37.000
805 29.875
806 47.375
807 18.375
808 44.375
809 34.625
810 44.125
811 27.750
812 30.000
813 65.000
814 46.875
815 39.000
816 45.375
817 50.125
818 27.625
819 50.750
820 46.250
821 26.125
822 35.625
823 41.500
824 39.125
825 38.625
826 34.125
827 43.250
828 47.625
829 55.500
830 35.500
831 13.250
832 34.125
833 44.500
834 36.375
835 29.875
836 41.375
837 50.750
838 51.375
839 41.500
840 21.250
841 25.875
842 44.625
843 44.250
844 36.875
845 12.750
846 45.375
847 39.500
848 41.625
849 34.250
850 39.500
851 30.500
852 40.125
853 47.750
854 42.875
855 44.000
856 35.250
857 36.125
858 35.250
859 34.250
860 42.375
861 31.125
862 35.750
863 41.875
864 51.500
865 38.125
866 29.250
867 28.125
868 37.250
869 36.375
870 37.750
871 36.875
872 52.125
873 36.875
874 45.500
875 15.875
876 36.500
877 40.000
878 32.375
879 34.750
880 47.625
881 45.250
882 23.125
883 29.875
884 29.375
885 29.375
886 45.000
887 44.875
888 31.625
889 22.625
890 39.875
891 36.750
892 36.500
893 37.000
894 44.375
895 33.250
896 36.500
897 35.500
898 34.250
899 41.375
900 40.625
901 32.625
902 21.750
903 36.500
904 43.250
905 53.375
906 41.875
907 29.625
908 29.625
909 38.875
910 38.625
911 48.000
912 39.750
913 38.375
914 38.625
915 32.000
916 40.375
917 42.375
918 37.500
919 42.125
920 68.125
921 48.125
922 35.625
923 26.000
924 45.250
925 25.500
926 37.625
927 27.750
928 44.250
929 46.250
930 41.500
931 14.000
932 45.750
933 37.375
934 53.250
935 42.000
936 36.375
937 47.625
938 38.000
939 35.500
940 43.125
941 18.500
942 38.375
943 36.625
944 32.625
945 33.250
946 41.500
947 31.625
948 37.250
949 32.875
950 38.625
951 37.000
952 35.000
953 31.125
954 47.375
955 30.125
956 17.875
957 37.625
958 38.875
959 7.250
960 33.750
961 41.625
962 41.625
963 51.000
964 44.500
965 37.875
966 33.125
967 43.250
968 33.000
969 35.625
970 31.000
971 34.125
972 30.375
973 26.750
974 32.250
975 34.875
976 40.875
977 21.625
978 38.500
979 49.000
980 41.625
981 19.250
982 24.125
983 52.500
984 48.750
985 39.875
986 38.875
987 25.750
988 34.125
989 44.875
990 44.625
991 30.375
992 39.500
993 50.625
994 33.375
995 26.250
996 37.375
997 39.625
998 45.500
999 44.000
1000 61.250
