1 0.000
2 35.250
3 61.375
4 48.250
5 57.000
6 48.375
7 46.250
8 35.875
9 48.375
10 45.625
11 52.000
12 57.125
13 58.375
14 70.625
15 64.750
16 52.375
17 56.125
18 37.750
19 41.500
20 58.125
21 61.125
22 25.500
23 44.500
24 48.750
25 39.875
26 41.750
27 37.375
28 43.000
29 51.625
30 50.375
31 65.000
32 57.750
33 54.750
34 44.000
35 53.625
36 61.500
37 54.875
38 33.375
39 39.375
40 58.625
41 51.125
42 49.000
43 47.500
44 46.500
45 48.125
46 42.000
47 23.750
48 50.625
49 59.375
50 46.750
51 50.875
52 48.750
53 43.875
54 34.375
55 60.875
56 55.875
57 39.375
58 50.875
59 51.125
60 70.250
61 44.125
62 39.500
63 52.000
64 65.125
65 52.250
66 43.875
67 47.375
68 44.875
69 39.875
70 85.125
71 57.125
72 43.250
73 51.500
74 43.000
75 54.375
76 45.750
77 45.750
78 45.000
79 32.000
80 52.500
81 46.750
82 36.750
83 50.375
84 58.375
85 61.625
86 52.750
87 52.750
88 63.250
89 50.500
90 57.625
91 44.625
92 50.375
93 39.625
94 42.625
95 67.125
96 49.750
97 32.625
98 36.375
99 61.500
100 65.250
101 50.625
102 60.125
103 51.375
104 36.625
105 43.250
106 45.625
107 49.875
108 52.750
109 49.500
110 49.875
111 56.625
112 44.000
113 49.500
114 54.500
115 49.875
116 54.125
117 49.375
118 56.000
119 41.375
120 45.625
121 49.250
122 50.375
123 57.250
124 53.250
125 64.500
126 53.000
127 50.125
128 47.375
129 53.750
130 52.750
131 61.000
132 68.875
133 40.000
134 58.125
135 51.500
136 48.375
137 62.250
138 59.625
139 59.125
140 48.000
141 52.625
142 33.875
143 39.250
144 46.500
145 61.625
146 48.125
147 48.000
148 52.500
149 55.375
150 55.500
151 50.500
152 53.125
153 82.500
154 44.625
155 72.375
156 47.375
157 53.500
158 45.000
159 52.000
160 39.500
161 39.750
162 52.250
163 47.625
164 46.125
165 50.250
166 49.000
167 44.125
168 38.250
169 65.625
170 55.375
171 42.875
172 53.625
173 49.125
174 49.625
175 50.875
176 62.625
177 48.625
178 51.000
179 56.000
180 63.625
181 70.000
182 47.875
183 46.375
184 47.250
185 68.875
186 53.250
187 38.750
188 67.625
189 47.875
190 54.000
191 44.125
192 52.375
193 49.000
194 54.000
195 62.000
196 63.250
197 38.875
198 51.625
199 52.250
200 66.375
201 65.250
202 55.375
203 54.125
204 47.375
205 47.000
206 55.125
207 36.250
208 57.125
209 48.625
210 51.250
211 56.875
212 54.500
213 50.000
214 49.000
215 45.125
216 40.500
217 51.000
218 57.250
219 43.500
220 74.375
221 62.500
222 48.125
223 56.500
224 57.250
225 58.125
226 59.750
227 47.500
228 63.250
229 46.000
230 61.000
231 58.250
232 47.875
233 49.875
234 44.000
235 35.000
236 57.125
237 47.500
238 54.000
239 38.500
240 60.875
241 52.375
242 43.125
243 48.250
244 50.000
245 49.500
246 68.250
247 61.125
248 66.625
249 49.500
250 58.750
251 56.000
252 46.875
253 56.750
254 50.625
255 66.500
256 54.500
257 49.875
258 52.750
259 63.750
260 54.250
261 59.625
262 47.375
263 39.500
264 52.000
265 40.000
266 60.500
267 56.750
268 51.875
269 53.250
270 38.125
271 41.125
272 62.000
273 50.750
274 58.875
275 38.750
276 61.500
277 49.500
278 53.625
279 43.875
280 67.125
281 55.250
282 56.000
283 49.125
284 41.750
285 58.375
286 48.750
287 83.000
288 54.375
289 55.000
290 54.250
291 58.875
292 68.750
293 44.875
294 56.375
295 53.000
296 47.125
297 53.375
298 50.500
299 61.125
300 57.875
301 60.375
302 35.250
303 54.625
304 52.125
305 49.250
306 48.500
307 51.125
308 46.375
309 41.375
310 66.125
311 52.375
312 59.250
313 36.875
314 61.875
315 70.500
316 41.125
317 50.000
318 52.875
319 56.250
320 44.250
321 60.500
322 57.250
323 57.750
324 44.875
325 57.875
326 56.750
327 54.500
328 68.125
329 61.125
330 35.250
331 59.125
332 49.000
333 58.750
334 63.875
335 74.625
336 49.375
337 52.875
338 44.875
339 44.500
340 56.875
341 55.875
342 45.750
343 45.500
344 56.625
345 53.000
346 74.875
347 44.000
348 55.000
349 44.625
350 48.250
351 43.625
352 64.375
353 52.500
354 52.000
355 54.250
356 66.750
357 58.500
358 51.500
359 45.750
360 59.375
361 63.250
362 35.125
363 37.500
364 56.250
365 55.375
366 56.375
367 86.625
368 47.750
369 48.000
370 54.625
371 52.375
372 69.000
373 44.875
374 60.500
375 57.250
376 48.125
377 52.500
378 52.000
379 52.625
380 53.000
381 48.000
382 60.500
383 71.500
384 46.250
385 48.125
386 52.375
387 54.375
388 49.375
389 49.375
390 45.000
391 56.750
392 45.125
393 48.500
394 45.750
395 48.500
396 53.500
397 50.875
398 43.500
399 39.125
400 42.625
401 47.750
402 52.375
403 52.000
404 49.000
405 47.500
406 55.250
407 36.375
408 51.250
409 45.875
410 39.875
411 61.000
412 45.500
413 59.250
414 46.875
415 53.500
416 57.125
417 49.375
418 74.000
419 54.500
420 63.875
421 62.750
422 41.500
423 54.000
424 70.250
425 41.000
426 49.625
427 56.625
428 59.875
429 61.750
430 60.750
431 49.000
432 42.750
433 56.500
434 47.625
435 56.125
436 49.375
437 50.625
438 61.125
439 48.000
440 52.625
441 50.125
442 49.875
443 62.375
444 48.000
445 44.625
446 64.375
447 46.500
448 45.875
449 48.000
450 50.000
451 61.375
452 54.750
453 47.375
454 51.500
455 48.500
456 57.125
457 56.875
458 55.000
459 52.750
460 35.500
461 60.750
462 55.750
463 61.750
464 54.625
465 47.000
466 52.375
467 58.500
468 53.625
469 54.500
470 44.625
471 50.375
472 51.875
473 52.125
474 47.375
475 56.500
476 34.875
477 39.625
478 33.250
479 53.750
480 55.250
481 51.250
482 39.375
483 56.500
484 45.500
485 51.375
486 54.125
487 51.375
488 44.000
489 47.125
490 39.625
491 55.250
492 63.500
493 52.500
494 62.000
495 56.625
496 48.500
497 52.250
498 57.875
499 48.250
500 46.500
501 58.125
502 52.625
503 68.500
504 52.500
505 50.375
506 62.500
507 49.500
508 51.750
509 61.375
510 45.250
511 60.125
512 38.500
513 56.875
514 58.250
515 52.875
516 35.875
517 48.875
518 48.125
519 50.000
520 41.250
521 58.750
522 54.625
523 60.000
524 51.125
525 47.750
526 42.625
527 54.125
528 54.375
529 49.750
530 76.125
531 45.125
532 58.125
533 41.375
534 57.250
535 44.125
536 49.125
537 63.250
538 50.750
539 43.000
540 32.125
541 65.875
542 49.625
543 53.125
544 54.875
545 59.125
546 33.625
547 53.375
548 67.875
549 49.250
550 39.625
551 41.625
552 38.875
553 45.875
554 54.625
555 57.375
556 70.500
557 46.875
558 47.500
559 58.000
560 57.500
561 44.125
562 52.000
563 52.500
564 36.125
565 56.625
566 63.625
567 57.875
568 48.000
569 45.375
570 45.500
571 48.375
572 68.625
573 51.500
574 40.750
575 60.125
576 53.250
577 59.250
578 68.750
579 31.750
580 37.625
581 47.750
582 51.500
583 32.125
584 59.125
585 55.125
586 66.750
587 56.000
588 43.875
589 66.875
590 49.750
591 53.625
592 47.000
593 53.250
594 63.250
595 50.875
596 57.000
597 51.250
598 51.625
599 49.000
600 58.750
601 50.125
602 47.875
603 54.125
604 60.250
605 59.875
606 48.875
607 44.500
608 49.125
609 49.000
610 26.625
611 44.625
612 51.375
613 50.625
614 30.625
615 61.750
616 32.750
617 30.500
618 54.250
619 33.375
620 58.000
621 56.625
622 47.000
623 57.125
624 53.500
625 32.875
626 48.750
627 67.625
628 40.500
629 65.500
630 54.000
631 35.250
632 49.875
633 48.000
634 77.125
635 56.750
636 55.250
637 50.250
638 52.000
639 55.250
640 41.625
641 50.125
642 44.875
643 66.625
644 48.875
645 52.250
646 46.000
647 46.250
648 38.500
649 53.125
650 60.125
651 59.625
652 46.750
653 59.625
654 40.625
655 36.625
656 42.750
657 53.125
658 58.250
659 64.875
660 64.875
661 48.250
662 44.375
663 46.375
664 42.375
665 51.625
666 44.500
667 52.750
668 57.500
669 42.625
670 58.500
671 63.125
672 66.750
673 49.250
674 52.000
675 38.500
676 64.625
677 58.500
678 45.125
679 52.625
680 40.125
681 45.500
682 42.875
683 53.250
684 48.750
685 50.875
686 59.875
687 46.625
688 50.375
689 53.750
690 39.000
691 45.250
692 52.000
693 44.875
694 50.375
695 34.875
696 49.750
697 83.000
698 45.625
699 57.125
700 40.125
701 47.375
702 38.000
703 60.875
704 48.250
705 47.750
706 38.375
707 67.000
708 46.375
709 52.375
710 52.375
711 59.500
712 59.125
713 50.375
714 56.625
715 33.375
716 52.000
717 52.750
718 49.875
719 49.625
720 52.375
721 52.000
722 62.875
723 52.375
724 56.375
725 67.125
726 60.000
727 65.250
728 45.375
729 38.875
730 50.375
731 49.625
732 54.625
733 40.000
734 53.875
735 49.500
736 60.375
737 56.750
738 54.750
739 49.000
740 50.250
741 74.250
742 53.375
743 53.250
744 53.000
745 55.000
746 47.875
747 49.375
748 47.750
749 60.125
750 54.000
751 43.625
752 56.375
753 53.500
754 56.125
755 51.125
756 51.250
757 45.375
758 54.500
759 51.000
760 54.125
761 50.125
762 61.750
763 50.750
764 33.125
765 48.250
766 64.250
767 41.000
768 44.875
769 50.250
770 31.375
771 47.500
772 56.625
773 51.875
774 37.000
775 57.625
776 50.750
777 46.375
778 54.625
779 48.625
780 48.125
781 58.125
782 58.375
783 62.000
784 39.625
785 55.375
786 41.625
787 45.250
788 47.750
789 71.625
790 51.625
791 53.125
792 51.250
793 49.125
794 49.250
795 66.375
796 53.125
797 61.125
798 46.750
799 37.250
800 47.875
801 58.500
802 66.625
803 49.250
804 46.875
805 56.750
806 76.375
807 60.875
808 59.875
809 61.500
810 46.500
811 51.750
812 53.500
813 52.875
814 52.500
815 55.125
816 49.500
817 52.875
818 39.875
819 51.000
820 49.375
821 54.125
822 52.750
823 45.625
824 61.250
825 54.250
826 53.625
827 56.375
828 61.500
829 48.250
830 49.625
831 60.500
832 45.250
833 50.250
834 73.625
835 42.750
836 56.375
837 59.750
838 56.875
839 68.625
840 44.500
841 58.500
842 60.750
843 60.125
844 55.625
845 53.750
846 50.375
847 31.625
848 53.250
849 43.625
850 59.000
851 45.500
852 46.000
853 62.000
854 42.875
855 54.125
856 50.875
857 53.625
858 53.625
859 62.375
860 50.750
861 50.625
862 51.125
863 43.500
864 54.000
865 57.250
866 54.250
867 53.875
868 42.875
869 45.000
870 49.750
871 51.500
872 45.000
873 63.750
874 34.375
875 64.875
876 33.750
877 51.500
878 47.500
879 58.125
880 58.750
881 38.375
882 59.875
883 41.625
884 56.125
885 46.500
886 40.125
887 61.625
888 59.500
889 68.875
890 63.500
891 50.250
892 51.875
893 47.125
894 52.375
895 52.500
896 36.250
897 50.625
898 54.750
899 50.000
900 55.125
901 55.125
902 54.500
903 55.625
904 43.625
905 62.875
906 53.875
907 51.000
908 54.250
909 50.625
910 53.500
911 66.625
912 60.000
913 46.750
914 48.625
915 51.500
916 50.125
917 62.375
918 37.875
919 53.125
920 61.375
921 42.125
922 42.000
923 48.250
924 47.750
925 69.375
926 44.625
927 55.875
928 45.250
929 52.000
930 43.250
931 73.000
932 64.125
933 52.500
934 62.500
935 27.875
936 51.375
937 59.000
938 53.625
939 69.000
940 54.625
941 28.500
942 52.750
943 59.000
944 38.000
945 44.375
946 55.250
947 51.500
948 68.500
949 58.250
950 55.875
951 45.750
952 67.000
953 40.125
954 54.875
955 53.875
956 42.750
957 55.875
958 56.625
959 55.375
960 67.250
961 50.750
962 48.125
963 48.000
964 57.750
965 62.750
966 45.250
967 68.875
968 70.625
969 82.500
970 54.625
971 42.000
972 53.500
973 44.250
974 47.125
975 64.625
976 57.375
977 56.375
978 44.625
979 48.750
980 38.750
981 40.250
982 52.125
983 49.000
984 41.250
985 34.125
986 54.125
987 56.500
988 41.750
989 58.500
990 51.625
991 48.000
992 52.125
993 52.625
994 31.000
995 53.500
996 47.250
997 53.000
998 50.750
999 62.750
1000 61.500
