1 0.000
2 18.375
3 18.125
4 19.875
5 25.125
6 11.750
7 22.375
8 19.000
9 12.000
10 23.625
11 16.500
12 24.875
13 16.500
14 23.625
15 8.625
16 19.375
17 19.375
18 22.375
19 22.375
20 32.250
21 17.500
22 14.250
23 20.875
24 11.875
25 4.375
26 16.125
27 8.125
28 19.875
29 15.000
30 15.250
31 13.500
32 16.875
33 30.625
34 13.625
35 10.625
36 6.750
37 12.125
38 0.750
39 18.875
40 18.750
41 14.250
42 10.500
43 8.875
44 14.500
45 10.875
46 23.375
47 18.125
48 5.875
49 16.875
50 12.625
51 17.625
52 16.125
53 22.625
54 26.125
55 13.375
56 18.875
57 14.000
58 11.250
59 14.500
60 11.375
61 14.750
62 15.000
63 12.000
64 18.750
65 13.750
66 10.875
67 29.875
68 22.875
69 12.500
70 19.500
71 18.000
72 15.375
73 24.875
74 19.750
75 18.375
76 16.375
77 21.125
78 25.000
79 19.750
80 16.625
81 12.375
82 6.000
83 38.750
84 18.500
85 23.125
86 23.000
87 16.500
88 17.500
89 13.500
90 16.000
91 14.750
92 18.875
93 13.875
94 13.875
95 6.125
96 20.875
97 8.750
98 7.500
99 20.250
100 19.000
