1 0.000
2 24.625
3 31.500
4 24.625
5 28.000
6 29.125
7 40.000
8 26.875
9 24.625
10 36.125
11 28.250
12 26.625
13 35.500
14 35.000
15 17.250
16 28.250
17 26.625
18 35.125
19 29.500
20 35.125
21 25.750
22 34.875
23 27.500
24 29.250
25 36.875
26 32.375
27 21.500
28 32.500
29 27.625
30 43.250
31 61.000
32 37.750
33 32.500
34 40.125
35 28.375
36 35.000
37 33.000
38 29.500
39 27.875
40 19.750
41 33.375
42 15.875
43 24.000
44 36.250
45 26.000
46 27.500
47 43.000
48 30.500
49 31.750
50 34.625
51 28.375
52 36.875
53 34.000
54 36.000
55 18.500
56 15.125
57 31.750
58 29.125
59 36.125
60 44.500
61 27.625
62 24.750
63 25.250
64 34.000
65 28.875
66 30.375
67 38.125
68 29.250
69 32.375
70 24.250
71 37.750
72 42.750
73 34.500
74 23.750
75 35.250
76 27.250
77 22.625
78 29.000
79 39.000
80 37.250
81 30.125
82 26.875
83 35.125
84 30.250
85 25.500
86 23.500
87 26.125
88 28.750
89 33.375
90 36.000
91 26.250
92 35.125
93 17.250
94 25.250
95 23.000
96 31.125
97 36.250
98 28.125
99 25.750
100 27.750
