1 0.000
2 27.750
3 31.125
4 19.000
5 30.500
6 26.875
7 22.500
8 38.250
9 22.375
10 30.875
11 31.500
12 30.750
13 23.125
14 22.375
15 44.500
16 38.750
17 20.750
18 29.625
19 24.250
20 26.250
21 23.000
22 36.375
23 39.125
24 21.000
25 30.500
26 32.125
27 34.125
28 30.000
29 14.250
30 21.625
31 24.375
32 35.250
33 28.125
34 23.750
35 19.375
36 21.375
37 28.625
38 24.375
39 44.125
40 17.625
41 32.250
42 22.500
43 26.000
44 37.125
45 21.250
46 38.250
47 12.500
48 47.250
49 24.500
50 43.250
51 26.750
52 34.125
53 44.625
54 21.750
55 5.500
56 25.750
57 31.625
58 30.125
59 14.625
60 32.375
61 17.625
62 21.625
63 41.500
64 23.000
65 24.500
66 28.625
67 34.875
68 22.875
69 20.250
70 26.375
71 23.000
72 36.250
73 21.625
74 60.000
75 6.500
76 21.125
77 31.125
78 12.000
79 27.500
80 28.500
81 11.250
82 29.625
83 39.500
84 25.875
85 6.875
86 27.875
87 25.875
88 33.250
89 20.000
90 40.125
91 20.000
92 31.875
93 27.000
94 31.875
95 27.125
96 28.250
97 31.000
98 20.625
99 27.625
100 31.125
101 26.750
102 16.750
103 34.375
104 26.875
105 21.750
106 12.750
107 26.625
108 20.125
109 31.125
110 13.500
111 26.250
112 30.250
113 31.375
114 46.750
115 18.250
116 19.125
117 26.000
118 22.125
119 33.375
120 25.000
121 28.375
122 15.250
123 23.375
124 39.000
125 19.750
126 18.250
127 31.000
128 37.500
129 44.000
130 25.750
131 23.250
132 33.750
133 27.500
134 21.625
135 25.250
136 27.875
137 27.875
138 32.000
139 26.250
140 25.125
141 27.500
142 23.625
143 38.000
144 53.250
145 18.875
146 21.875
147 29.250
148 43.875
149 33.875
150 18.875
151 36.625
152 48.375
153 47.750
154 33.875
155 40.750
156 22.625
157 33.250
158 41.375
159 11.875
160 39.250
161 32.625
162 26.500
163 27.500
164 15.500
165 27.250
166 14.750
167 25.000
168 36.250
169 46.125
170 29.250
171 29.750
172 23.250
173 26.250
174 29.125
175 10.125
176 10.875
177 12.000
178 32.500
179 21.750
180 35.250
181 8.250
182 24.500
183 26.875
184 21.875
185 50.875
186 20.000
187 23.875
188 36.250
189 31.500
190 24.625
191 20.000
192 25.875
193 27.125
194 19.625
195 22.125
196 37.000
197 35.250
198 28.125
199 34.500
200 27.750
201 19.875
202 29.125
203 20.500
204 18.875
205 24.625
206 38.250
207 46.000
208 24.125
209 37.625
210 27.875
211 32.000
212 32.750
213 31.375
214 31.250
215 28.500
216 17.750
217 25.750
218 33.750
219 20.500
220 29.375
221 39.500
222 29.125
223 23.625
224 21.875
225 29.375
226 22.625
227 21.250
228 17.875
229 29.875
230 27.500
231 14.125
232 16.000
233 24.500
234 28.125
235 40.375
236 34.500
237 27.125
238 28.625
239 33.750
240 22.250
241 26.750
242 27.375
243 3.000
244 4.500
245 24.875
246 26.250
247 34.250
248 33.125
249 39.750
250 19.500
251 24.500
252 30.625
253 24.375
254 20.000
255 22.750
256 24.250
257 29.000
258 26.750
259 22.875
260 27.000
261 14.625
262 37.500
263 23.875
264 13.375
265 27.875
266 14.375
267 28.500
268 16.625
269 31.875
270 29.375
271 26.000
272 27.625
273 21.750
274 34.375
275 31.875
276 24.500
277 17.250
278 45.375
279 29.375
280 26.250
281 34.875
282 33.750
283 35.500
284 31.750
285 27.375
286 30.375
287 9.000
288 33.875
289 42.125
290 29.500
291 12.250
292 23.875
293 22.625
294 22.625
295 28.375
296 34.625
297 44.625
298 23.125
299 24.250
300 23.375
301 34.125
302 24.625
303 28.625
304 29.875
305 32.500
306 33.375
307 23.000
308 43.875
309 23.125
310 34.125
311 33.125
312 20.000
313 18.000
314 16.750
315 29.625
316 23.750
317 26.625
318 37.375
319 30.125
320 23.500
321 29.625
322 10.750
323 25.250
324 35.750
325 42.750
326 26.625
327 33.125
328 28.000
329 25.500
330 40.125
331 20.875
332 40.125
333 18.000
334 24.500
335 21.875
336 22.625
337 22.375
338 28.250
339 30.750
340 21.125
341 44.750
342 31.500
343 13.625
344 25.250
345 24.375
346 16.875
347 22.250
348 25.250
349 46.500
350 23.500
351 40.000
352 18.750
353 22.250
354 23.625
355 26.500
356 17.750
357 28.625
358 30.125
359 27.500
360 21.125
361 44.125
362 9.875
363 27.250
364 15.375
365 39.125
366 24.000
367 36.500
368 30.000
369 35.875
370 15.875
371 30.625
372 29.125
373 40.625
374 14.500
375 11.625
376 19.875
377 24.125
378 54.750
379 31.250
380 28.000
381 26.750
382 31.125
383 20.875
384 28.125
385 24.375
386 41.625
387 33.250
388 27.375
389 41.375
390 30.625
391 27.250
392 22.250
393 24.375
394 24.000
395 29.125
396 38.375
397 32.000
398 31.375
399 44.000
400 20.875
401 39.000
402 34.125
403 28.250
404 19.750
405 27.875
406 30.625
407 35.125
408 27.750
409 40.000
410 35.250
411 26.625
412 28.625
413 26.750
414 29.750
415 36.375
416 31.125
417 27.750
418 43.000
419 35.375
420 16.750
421 33.000
422 30.000
423 27.750
424 18.000
425 26.625
426 16.500
427 22.000
428 27.250
429 27.875
430 17.750
431 16.375
432 28.875
433 31.875
434 18.500
435 21.625
436 25.875
437 33.750
438 29.500
439 21.500
440 30.375
441 16.750
442 38.125
443 16.500
444 14.125
445 29.750
446 34.000
447 37.625
448 30.250
449 24.875
450 41.375
451 28.750
452 31.000
453 10.125
454 16.500
455 22.250
456 35.375
457 37.250
458 22.375
459 19.250
460 38.875
461 26.875
462 33.625
463 27.375
464 27.750
465 27.375
466 20.500
467 24.875
468 30.375
469 14.750
470 27.375
471 23.500
472 25.125
473 29.500
474 22.375
475 29.375
476 28.375
477 11.375
478 27.750
479 34.375
480 17.000
481 18.875
482 5.125
483 17.500
484 31.250
485 26.750
486 23.125
487 35.000
488 18.500
489 24.125
490 3.000
491 29.000
492 25.375
493 23.000
494 9.625
495 30.500
496 30.750
497 39.750
498 51.875
499 33.875
500 32.500
501 25.250
502 35.250
503 22.375
504 73.250
505 27.000
506 33.000
507 38.000
508 26.000
509 8.875
510 35.125
511 30.000
512 24.500
513 17.125
514 22.000
515 13.000
516 15.750
517 25.000
518 32.750
519 28.125
520 35.000
521 32.750
522 35.000
523 33.625
524 22.000
525 37.125
526 20.375
527 22.875
528 23.375
529 32.500
530 27.125
531 41.875
532 24.000
533 27.250
534 32.125
535 30.125
536 19.750
537 50.125
538 25.250
539 21.375
540 26.375
541 19.000
542 28.750
543 22.875
544 40.000
545 33.375
546 22.875
547 19.750
548 0.500
549 26.250
550 19.375
551 21.375
552 25.250
553 28.375
554 46.875
555 26.250
556 31.750
557 31.625
558 28.750
559 34.125
560 9.375
561 32.375
562 17.375
563 23.500
564 21.000
565 14.125
566 37.750
567 20.875
568 30.375
569 43.000
570 32.000
571 30.875
572 33.750
573 24.625
574 19.875
575 17.250
576 14.375
577 24.375
578 16.500
579 9.125
580 32.500
581 29.125
582 19.875
583 16.750
584 14.625
585 20.250
586 17.375
587 26.250
588 23.500
589 30.000
590 31.750
591 29.625
592 25.000
593 33.375
594 23.000
595 45.250
596 46.625
597 39.750
598 16.125
599 33.875
600 42.000
601 34.000
602 48.500
603 30.750
604 45.125
605 28.625
606 32.625
607 13.500
608 33.875
609 20.750
610 21.500
611 13.750
612 38.000
613 37.000
614 25.125
615 33.000
616 27.500
617 14.750
618 28.000
619 28.250
620 34.250
621 16.000
622 24.625
623 29.000
624 19.500
625 16.250
626 24.750
627 29.875
628 48.125
629 20.750
630 35.500
631 20.000
632 10.875
633 27.875
634 27.000
635 21.250
636 28.250
637 27.625
638 34.250
639 32.125
640 17.375
641 29.250
642 32.625
643 36.125
644 29.000
645 49.750
646 32.875
647 23.000
648 22.000
649 29.375
650 22.000
651 30.125
652 23.250
653 22.375
654 23.625
655 21.750
656 28.750
657 27.875
658 12.000
659 40.125
660 20.750
661 38.750
662 33.875
663 11.000
664 10.125
665 33.125
666 30.750
667 29.750
668 26.750
669 19.125
670 34.750
671 24.750
672 18.500
673 17.250
674 15.000
675 19.750
676 16.000
677 30.750
678 2.625
679 31.625
680 23.250
681 21.125
682 23.875
683 16.875
684 24.125
685 26.750
686 21.875
687 22.000
688 18.375
689 14.000
690 18.250
691 21.000
692 30.125
693 20.375
694 17.875
695 22.000
696 31.375
697 30.000
698 15.125
699 17.875
700 30.000
701 15.625
702 22.500
703 23.250
704 40.125
705 39.750
706 45.500
707 9.875
708 27.750
709 18.000
710 30.625
711 35.250
712 40.000
713 31.750
714 11.125
715 40.375
716 20.875
717 42.125
718 37.375
719 29.625
720 21.875
721 35.125
722 33.875
723 24.000
724 12.125
725 17.375
726 20.750
727 15.375
728 19.750
729 28.125
730 37.250
731 21.125
732 13.375
733 36.250
734 25.125
735 23.500
736 17.625
737 23.375
738 25.250
739 21.750
740 40.875
741 19.750
742 18.625
743 47.125
744 24.500
745 23.375
746 14.625
747 22.375
748 29.500
749 30.250
750 39.000
751 30.750
752 31.500
753 23.125
754 10.500
755 34.250
756 28.125
757 32.750
758 5.000
759 30.500
760 37.500
761 16.125
762 25.750
763 14.625
764 32.625
765 22.125
766 32.750
767 24.250
768 30.625
769 31.250
770 32.625
771 24.875
772 30.125
773 25.625
774 40.750
775 27.125
776 28.625
777 21.250
778 24.000
779 26.250
780 41.750
781 22.250
782 28.375
783 25.375
784 27.625
785 42.250
786 31.500
787 3.250
788 17.000
789 31.125
790 17.250
791 36.125
792 35.125
793 33.500
794 19.375
795 20.500
796 28.875
797 26.750
798 31.625
799 23.625
800 12.875
801 20.000
802 19.000
803 24.125
804 19.375
805 32.125
806 36.875
807 35.000
808 35.250
809 28.625
810 16.125
811 16.000
812 34.500
813 38.375
814 38.750
815 32.875
816 22.000
817 33.250
818 25.500
819 10.125
820 26.625
821 9.750
822 26.625
823 17.250
824 23.375
825 30.375
826 18.500
827 8.375
828 25.750
829 26.875
830 27.125
831 34.750
832 25.750
833 23.125
834 15.000
835 15.000
836 29.500
837 10.125
838 51.375
839 42.250
840 33.375
841 33.750
842 30.250
843 27.875
844 29.500
845 0.625
846 36.125
847 34.250
848 14.875
849 74.250
850 43.875
851 15.875
852 34.125
853 39.000
854 23.500
855 19.750
856 28.750
857 31.250
858 25.375
859 22.750
860 30.500
861 35.875
862 16.625
863 15.250
864 37.500
865 37.750
866 17.125
867 18.625
868 26.250
869 14.875
870 36.750
871 37.500
872 18.750
873 15.500
874 30.000
875 18.500
876 26.375
877 35.500
878 35.750
879 14.250
880 21.625
881 27.875
882 30.625
883 27.250
884 27.625
885 25.500
886 25.125
887 20.250
888 28.000
889 27.250
890 33.125
891 17.750
892 26.625
893 18.125
894 18.000
895 20.000
896 32.875
897 25.000
898 28.000
899 19.000
900 51.750
901 37.500
902 26.500
903 28.500
904 25.875
905 24.500
906 21.500
907 29.250
908 59.000
909 26.750
910 29.375
911 19.375
912 25.375
913 38.625
914 24.250
915 43.625
916 26.000
917 33.000
918 22.875
919 20.500
920 20.750
921 38.375
922 21.125
923 40.125
924 30.000
925 45.625
926 17.750
927 25.125
928 27.250
929 21.625
930 36.500
931 28.250
932 39.000
933 11.250
934 37.500
935 28.125
936 25.000
937 36.500
938 21.875
939 30.500
940 18.625
941 26.750
942 24.500
943 23.000
944 22.750
945 25.750
946 23.250
947 21.500
948 19.875
949 22.875
950 20.000
951 5.000
952 17.250
953 21.500
954 31.625
955 13.000
956 32.375
957 29.625
958 16.875
959 28.250
960 38.625
961 23.625
962 29.000
963 24.750
964 35.375
965 31.875
966 35.500
967 29.500
968 20.125
969 24.125
970 25.875
971 21.875
972 24.375
973 33.000
974 35.000
975 32.750
976 28.875
977 24.750
978 28.875
979 35.125
980 20.000
981 19.000
982 37.750
983 18.500
984 15.750
985 20.875
986 27.625
987 51.125
988 40.625
989 27.875
990 24.625
991 18.625
992 30.000
993 23.625
994 38.000
995 24.750
996 24.625
997 20.125
998 17.500
999 28.375
1000 10.125
