1 0.000
2 30.500
3 32.125
4 17.625
5 23.250
6 10.375
7 23.375
8 40.750
9 30.125
10 25.125
11 39.750
12 22.625
13 12.500
14 34.500
15 15.250
16 22.500
17 35.375
18 42.750
19 28.750
20 23.875
21 22.625
22 20.625
23 11.000
24 21.875
25 27.500
26 27.375
27 30.500
28 25.125
29 16.625
30 5.875
31 28.250
32 16.125
33 15.500
34 24.375
35 27.625
36 22.750
37 16.250
38 15.750
39 31.875
40 17.625
41 17.250
42 31.625
43 17.000
44 32.750
45 21.125
46 12.375
47 16.625
48 27.000
49 33.625
50 6.875
51 25.750
52 0.625
53 41.500
54 27.875
55 22.125
56 23.250
57 14.625
58 12.500
59 26.250
60 33.250
61 6.875
62 35.000
63 24.500
64 26.375
65 9.375
66 32.250
67 34.750
68 24.875
69 28.750
70 38.375
71 24.500
72 19.500
73 17.000
74 22.125
75 18.000
76 21.000
77 19.250
78 28.500
79 27.125
80 24.375
81 36.125
82 12.625
83 27.875
84 23.250
85 23.875
86 24.000
87 24.750
88 7.500
89 31.500
90 19.125
91 8.000
92 22.250
93 14.375
94 22.375
95 30.000
96 36.375
97 24.875
98 18.625
99 27.500
100 13.375
