1 0.000
2 33.750
3 34.000
4 38.750
5 43.125
6 44.125
7 57.250
8 54.125
9 46.000
10 59.500
11 50.250
12 42.250
13 53.500
14 34.750
15 39.500
16 49.750
17 49.375
18 56.125
19 48.250
20 29.625
21 44.125
22 46.250
23 53.875
24 50.750
25 40.875
26 45.750
27 52.000
28 37.625
29 44.125
30 38.750
31 57.625
32 46.125
33 36.875
34 47.750
35 44.250
36 52.625
37 44.125
38 50.625
39 47.125
40 33.875
41 71.500
42 24.000
43 41.875
44 42.250
45 36.000
46 37.125
47 50.875
48 47.875
49 51.750
50 56.875
51 35.000
52 44.625
53 53.750
54 48.500
55 33.625
56 25.875
57 39.375
58 32.250
59 53.500
60 40.500
61 34.750
62 47.625
63 44.125
64 45.500
65 55.250
66 36.875
67 57.250
68 48.625
69 48.500
70 40.375
71 49.500
72 45.875
73 47.250
74 54.875
75 39.125
76 27.000
77 42.250
78 29.750
79 31.625
80 47.875
81 43.875
82 45.875
83 42.250
84 44.625
85 34.000
86 37.875
87 48.500
88 44.125
89 67.625
90 51.625
91 50.875
92 37.750
93 56.750
94 42.375
95 46.000
96 36.625
97 41.125
98 52.125
99 43.250
100 51.000
101 54.625
102 51.375
103 41.750
104 47.750
105 47.625
106 39.000
107 48.750
108 49.750
109 67.250
110 64.500
111 57.000
112 36.750
113 45.875
114 42.750
115 49.500
116 32.000
117 46.750
118 34.750
119 51.375
120 50.875
121 32.750
122 53.875
123 47.875
124 32.000
125 38.000
126 57.250
127 40.625
128 44.625
129 52.625
130 51.250
131 38.500
132 49.125
133 33.250
134 31.000
135 34.375
136 56.750
137 57.750
138 53.500
139 55.125
140 44.125
141 41.750
142 41.625
143 51.000
144 54.625
145 56.875
146 27.500
147 45.375
148 41.625
149 48.875
150 38.125
151 39.750
152 61.750
153 45.875
154 45.000
155 48.875
156 12.250
157 59.000
158 36.000
159 50.250
160 35.250
161 50.875
162 30.500
163 50.875
164 50.000
165 55.000
166 50.875
167 36.500
168 43.875
169 42.875
170 50.750
171 66.125
172 42.375
173 58.750
174 49.750
175 43.625
176 44.875
177 60.000
178 55.250
179 26.250
180 42.125
181 45.250
182 40.375
183 45.250
184 44.125
185 50.250
186 34.125
187 52.625
188 44.500
189 32.125
190 38.875
191 41.125
192 46.750
193 56.625
194 44.500
195 41.375
196 35.375
197 42.625
198 56.875
199 47.125
200 59.625
201 30.000
202 17.500
203 37.250
204 61.250
205 55.750
206 47.750
207 48.375
208 51.500
209 58.250
210 46.875
211 49.500
212 57.125
213 49.875
214 58.750
215 41.375
216 59.125
217 41.500
218 44.875
219 46.500
220 26.125
221 44.375
222 37.375
223 41.125
224 41.500
225 52.500
226 38.625
227 44.375
228 43.750
229 44.000
230 41.875
231 45.750
232 44.875
233 42.625
234 53.750
235 30.250
236 43.500
237 53.875
238 53.375
239 34.250
240 50.250
241 31.375
242 45.625
243 39.875
244 34.875
245 45.500
246 44.000
247 28.625
248 40.375
249 60.000
250 53.000
251 54.000
252 54.000
253 54.875
254 66.875
255 45.875
256 51.500
257 47.375
258 41.000
259 30.625
260 53.375
261 25.750
262 25.625
263 34.375
264 44.875
265 58.375
266 50.500
267 45.000
268 52.625
269 36.625
270 45.375
271 48.000
272 43.625
273 51.000
274 44.000
275 51.875
276 42.750
277 52.625
278 29.125
279 36.000
280 65.000
281 44.125
282 54.250
283 47.125
284 40.250
285 48.250
286 37.000
287 48.750
288 47.750
289 61.000
290 42.500
291 51.000
292 47.000
293 39.250
294 65.125
295 52.375
296 42.625
297 47.250
298 43.500
299 37.875
300 49.125
301 45.750
302 44.250
303 36.875
304 61.250
305 51.500
306 34.000
307 33.875
308 56.875
309 52.000
310 30.000
311 52.250
312 44.500
313 39.375
314 41.750
315 44.000
316 30.625
317 43.625
318 47.375
319 18.875
320 45.500
321 54.125
322 34.375
323 52.125
324 44.375
325 52.250
326 37.750
327 42.625
328 19.000
329 38.125
330 67.000
331 40.375
332 54.250
333 55.000
334 59.500
335 37.000
336 44.875
337 42.000
338 40.625
339 44.250
340 40.750
341 31.625
342 36.375
343 47.125
344 45.750
345 32.500
346 38.250
347 44.250
348 28.375
349 43.000
350 40.500
351 79.625
352 45.625
353 46.000
354 54.375
355 33.125
356 49.625
357 52.250
358 45.000
359 62.000
360 43.500
361 44.375
362 44.375
363 31.125
364 42.125
365 37.375
366 33.500
367 46.625
368 28.625
369 45.375
370 42.500
371 44.375
372 65.625
373 51.375
374 53.250
375 49.875
376 49.875
377 52.750
378 44.000
379 45.500
380 39.500
381 44.500
382 54.875
383 46.125
384 44.250
385 30.250
386 39.625
387 42.625
388 41.250
389 52.250
390 52.750
391 55.375
392 19.750
393 70.000
394 45.875
395 39.625
396 45.000
397 31.000
398 34.625
399 39.500
400 36.875
401 47.125
402 53.000
403 40.250
404 41.500
405 41.125
406 41.750
407 50.500
408 43.875
409 44.375
410 46.500
411 47.250
412 46.250
413 30.250
414 39.875
415 43.250
416 54.375
417 44.750
418 49.250
419 35.625
420 47.875
421 50.875
422 42.875
423 41.125
424 41.125
425 30.375
426 45.250
427 27.625
428 51.625
429 56.625
430 39.375
431 58.125
432 56.125
433 42.375
434 65.125
435 40.250
436 48.625
437 59.625
438 38.375
439 29.500
440 39.875
441 47.000
442 42.000
443 42.875
444 45.750
445 50.500
446 39.750
447 43.125
448 47.500
449 53.625
450 39.125
451 38.875
452 28.875
453 54.750
454 26.125
455 41.750
456 35.000
457 47.375
458 52.250
459 43.625
460 40.375
461 38.500
462 42.250
463 62.000
464 62.375
465 51.875
466 49.000
467 44.000
468 39.500
469 49.750
470 47.625
471 50.500
472 36.750
473 48.875
474 17.500
475 52.500
476 51.375
477 36.750
478 36.250
479 30.750
480 48.250
481 40.250
482 32.250
483 33.250
484 63.000
485 47.625
486 34.250
487 45.125
488 42.250
489 36.500
490 48.250
491 45.750
492 44.250
493 21.750
494 32.125
495 43.125
496 50.875
497 49.250
498 62.500
499 51.250
500 37.125
501 53.500
502 50.375
503 41.625
504 47.625
505 50.750
506 45.625
507 42.125
508 52.625
509 36.000
510 50.000
511 65.125
512 42.625
513 53.000
514 45.625
515 43.875
516 46.000
517 47.750
518 41.750
519 51.250
520 49.125
521 42.625
522 56.625
523 66.750
524 45.250
525 29.125
526 53.875
527 48.500
528 46.375
529 45.375
530 30.000
531 49.875
532 47.125
533 38.500
534 36.125
535 45.125
536 37.125
537 36.125
538 21.500
539 47.875
540 44.125
541 35.250
542 56.375
543 47.500
544 42.125
545 41.750
546 45.625
547 47.875
548 54.125
549 46.250
550 39.500
551 43.375
552 21.875
553 38.000
554 55.125
555 37.500
556 23.750
557 49.625
558 49.500
559 46.125
560 30.750
561 54.250
562 33.000
563 36.375
564 38.875
565 48.375
566 39.250
567 45.750
568 50.125
569 44.125
570 59.750
571 44.375
572 47.625
573 39.000
574 59.250
575 41.750
576 34.250
577 51.750
578 38.750
579 47.375
580 31.625
581 50.750
582 40.500
583 56.875
584 37.875
585 56.250
586 31.000
587 28.000
588 60.250
589 47.875
590 44.125
591 49.875
592 46.625
593 51.625
594 37.125
595 44.625
596 41.375
597 48.500
598 30.250
599 45.750
600 55.125
601 42.250
602 47.750
603 29.500
604 54.375
605 38.000
606 50.250
607 43.750
608 39.875
609 20.500
610 48.500
611 48.625
612 53.875
613 53.750
614 58.000
615 47.750
616 48.125
617 51.000
618 43.375
619 48.625
620 55.875
621 35.000
622 64.500
623 35.000
624 84.625
625 45.500
626 48.375
627 32.625
628 53.875
629 47.125
630 43.250
631 48.625
632 36.000
633 46.500
634 52.625
635 50.625
636 44.375
637 28.625
638 53.875
639 46.500
640 48.625
641 51.125
642 20.500
643 44.000
644 48.500
645 40.750
646 38.375
647 48.375
648 55.750
649 22.375
650 36.375
651 20.875
652 40.500
653 40.000
654 44.000
655 41.875
656 42.375
657 51.500
658 56.875
659 53.000
660 43.000
661 46.875
662 49.000
663 45.125
664 51.375
665 41.750
666 49.250
667 35.375
668 30.375
669 34.750
670 54.875
671 32.625
672 36.000
673 56.375
674 42.500
675 36.250
676 36.750
677 50.125
678 46.375
679 51.000
680 41.375
681 26.125
682 48.750
683 49.000
684 35.250
685 37.375
686 44.750
687 43.125
688 42.125
689 29.750
690 34.750
691 44.625
692 59.875
693 33.000
694 43.500
695 40.125
696 42.125
697 53.375
698 36.125
699 42.375
700 39.875
701 41.375
702 52.750
703 46.000
704 45.000
705 34.750
706 49.625
707 50.000
708 35.750
709 52.500
710 35.125
711 36.750
712 52.500
713 51.500
714 44.375
715 36.000
716 37.500
717 52.750
718 48.000
719 33.750
720 48.750
721 52.250
722 49.375
723 50.250
724 42.750
725 41.875
726 47.750
727 38.125
728 52.625
729 53.250
730 44.625
731 42.250
732 49.125
733 57.125
734 44.000
735 50.000
736 47.250
737 42.375
738 45.750
739 40.125
740 44.750
741 58.500
742 50.875
743 64.750
744 43.625
745 45.375
746 38.125
747 46.750
748 47.250
749 39.250
750 48.125
751 40.750
752 39.250
753 31.125
754 48.000
755 47.875
756 43.000
757 32.750
758 38.125
759 51.000
760 43.250
761 47.750
762 40.875
763 37.750
764 46.250
765 50.375
766 37.875
767 39.500
768 40.500
769 47.500
770 54.375
771 49.250
772 38.750
773 54.500
774 43.750
775 41.375
776 47.125
777 30.000
778 36.375
779 41.500
780 44.125
781 27.375
782 37.000
783 48.250
784 38.625
785 47.000
786 33.875
787 42.750
788 51.875
789 40.750
790 39.000
791 39.375
792 53.250
793 45.875
794 48.500
795 55.750
796 39.250
797 54.750
798 28.125
799 48.625
800 53.375
801 53.375
802 62.125
803 47.250
804 49.750
805 51.000
806 39.875
807 48.750
808 45.250
809 47.375
810 51.625
811 54.125
812 43.250
813 42.750
814 29.375
815 50.250
816 47.375
817 32.000
818 41.500
819 46.875
820 40.250
821 44.625
822 51.875
823 41.250
824 40.875
825 45.750
826 33.625
827 51.250
828 51.375
829 46.875
830 43.500
831 54.750
832 39.375
833 37.750
834 68.375
835 53.625
836 41.125
837 30.750
838 43.875
839 43.000
840 26.125
841 46.625
842 25.750
843 44.000
844 35.250
845 48.625
846 45.750
847 45.250
848 49.875
849 68.625
850 39.000
851 34.000
852 41.875
853 49.250
854 55.500
855 37.250
856 48.625
857 51.500
858 41.875
859 38.750
860 54.250
861 51.750
862 47.250
863 51.875
864 44.750
865 37.000
866 44.875
867 13.625
868 55.875
869 27.000
870 41.125
871 41.500
872 36.625
873 37.125
874 43.250
875 56.500
876 53.875
877 57.750
878 39.625
879 46.000
880 49.500
881 45.375
882 43.500
883 41.500
884 47.625
885 45.750
886 38.125
887 46.875
888 43.250
889 57.500
890 30.625
891 37.875
892 35.125
893 35.500
894 44.500
895 40.750
896 42.000
897 34.625
898 58.125
899 48.500
900 34.500
901 50.250
902 43.250
903 41.875
904 43.125
905 46.500
906 46.125
907 48.625
908 44.625
909 58.375
910 29.625
911 50.125
912 37.250
913 18.500
914 50.250
915 46.625
916 48.750
917 46.125
918 38.125
919 46.000
920 43.500
921 33.500
922 42.250
923 46.125
924 50.750
925 31.125
926 49.500
927 39.625
928 41.625
929 44.875
930 50.125
931 34.875
932 41.750
933 48.000
934 40.125
935 42.500
936 48.875
937 49.250
938 48.000
939 42.375
940 44.500
941 51.125
942 39.125
943 35.125
944 48.750
945 37.875
946 46.750
947 54.875
948 45.750
949 38.875
950 45.000
951 86.000
952 33.000
953 40.000
954 39.875
955 38.875
956 47.625
957 46.375
958 41.875
959 41.375
960 51.000
961 27.375
962 10.875
963 49.250
964 45.750
965 33.750
966 43.375
967 31.875
968 45.250
969 12.125
970 48.625
971 45.000
972 50.375
973 48.500
974 52.000
975 45.625
976 39.375
977 30.875
978 43.375
979 44.500
980 49.750
981 35.375
982 32.750
983 44.000
984 44.375
985 22.375
986 60.500
987 39.875
988 34.375
989 38.125
990 52.000
991 50.500
992 54.750
993 39.000
994 49.500
995 53.125
996 47.250
997 49.375
998 40.375
999 42.250
1000 27.875
