dl
format=edgelist1
n=50
data:
1 50 10.500
1 46 84.375
1 44 14.375
1 42 75.500
1 40 57.875
1 38 51.500
1 36 83.125
1 35 93.375
1 34 38.625
1 31 37.375
1 30 22.125
1 27 40.625
1 24 59.500
1 23 10.875
1 22 17.625
1 19 86.625
1 14 46.125
1 12 0.500
1 8 21.125
1 5 12.125
1 4 94.250
2 47 29.250
2 42 74.875
2 40 57.625
2 38 29.125
2 37 46.000
2 35 43.125
2 31 39.375
2 28 80.500
2 26 86.875
2 24 64.750
2 22 35.875
2 21 17.250
2 19 28.375
2 16 59.000
2 15 77.250
2 13 62.875
2 12 23.250
2 11 64.375
2 10 29.375
2 8 77.750
2 7 22.125
2 4 19.875
2 3 47.875
3 43 39.500
3 41 15.875
3 40 10.875
3 39 60.000
3 36 38.625
3 33 43.875
3 32 18.000
3 30 98.625
3 28 9.375
3 27 34.250
3 26 51.375
3 24 65.250
3 23 44.375
3 19 54.000
3 18 71.625
3 16 53.250
3 15 32.375
3 12 19.250
3 10 89.125
3 8 66.750
3 7 99.375
3 6 86.125
3 5 77.500
3 4 4.375
3 2 68.750
3 1 80.750
4 48 67.500
4 47 14.750
4 46 17.625
4 45 1.125
4 44 69.750
4 41 18.500
4 40 80.000
4 39 9.875
4 37 99.500
4 36 43.250
4 32 55.250
4 28 3.625
4 27 26.125
4 23 50.875
4 21 8.875
4 17 90.000
4 16 91.625
4 15 35.750
4 14 47.500
4 13 7.125
4 12 80.250
4 10 83.500
4 7 46.125
4 6 62.250
4 5 21.875
4 2 3.875
4 1 89.750
5 50 45.750
5 47 26.625
5 45 94.000
5 42 73.875
5 41 23.500
5 40 89.625
5 38 24.625
5 37 53.000
5 35 1.250
5 34 77.750
5 32 41.750
5 31 2.375
5 28 33.375
5 25 46.375
5 23 24.125
5 19 65.000
5 17 50.125
5 15 61.500
5 13 91.625
5 11 18.750
5 8 90.875
5 3 45.250
5 2 22.250
5 1 15.500
6 49 98.125
6 47 85.375
6 45 38.125
6 44 85.875
6 40 30.500
6 39 72.125
6 35 61.500
6 33 3.125
6 31 29.125
6 27 12.625
6 26 52.250
6 22 23.250
6 18 92.375
6 17 78.625
6 16 57.625
6 14 9.875
6 13 53.250
6 10 32.125
6 4 65.375
6 2 87.500
7 48 66.750
7 44 32.375
7 40 56.750
7 39 4.000
7 36 37.875
7 35 69.125
7 34 81.750
7 33 73.000
7 32 74.625
7 31 3.500
7 30 89.000
7 29 59.875
7 28 80.000
7 24 98.875
7 23 14.125
7 21 58.375
7 17 98.500
7 15 66.250
7 10 26.625
7 9 71.250
7 8 64.750
7 6 26.625
7 5 30.750
8 50 65.000
8 48 25.375
8 47 94.750
8 45 2.000
8 38 5.500
8 36 80.500
8 34 44.500
8 33 1.375
8 32 57.875
8 30 53.250
8 29 39.500
8 28 76.875
8 27 45.875
8 25 8.375
8 23 53.625
8 20 20.625
8 18 53.750
8 17 36.000
8 16 63.250
8 13 96.875
8 12 72.750
8 11 0.625
8 7 84.000
8 5 44.625
8 3 71.500
9 50 35.500
9 47 76.250
9 43 35.000
9 42 62.250
9 37 28.375
9 31 99.250
9 30 61.250
9 29 97.250
9 24 53.125
9 23 56.875
9 19 21.250
9 17 34.000
9 14 17.375
9 13 59.625
9 10 86.000
9 6 8.625
9 5 26.125
9 4 49.750
9 3 42.375
10 49 95.625
10 48 89.125
10 47 90.875
10 44 37.625
10 43 84.500
10 39 48.750
10 38 82.500
10 36 23.500
10 35 67.875
10 30 74.000
10 27 81.875
10 26 1.500
10 25 90.625
10 21 79.250
10 19 79.375
10 16 59.000
10 15 26.500
10 14 96.250
10 13 47.000
10 11 11.875
10 9 10.125
10 8 75.250
10 6 70.250
10 5 49.375
10 4 22.875
10 3 5.125
10 2 99.875
10 1 14.250
11 50 43.750
11 49 95.375
11 48 95.125
11 47 18.000
11 46 42.750
11 44 16.000
11 42 11.875
11 40 9.000
11 39 89.250
11 34 19.625
11 31 84.375
11 30 67.750
11 29 9.125
11 27 43.500
11 25 26.750
11 24 51.125
11 23 90.000
11 22 2.875
11 21 32.125
11 20 3.625
11 18 8.000
11 17 12.125
11 16 57.375
11 15 46.000
11 13 83.500
11 9 4.625
11 8 16.750
11 5 84.375
11 2 60.875
11 1 69.750
12 50 3.000
12 47 23.375
12 46 4.375
12 44 74.750
12 43 50.750
12 41 9.750
12 40 74.250
12 39 1.375
12 36 59.500
12 33 23.375
12 29 82.625
12 28 16.375
12 27 25.250
12 25 98.375
12 19 65.000
12 14 82.250
12 11 91.875
12 10 57.875
12 7 64.750
12 3 86.125
12 2 6.000
13 49 55.375
13 48 68.625
13 47 84.500
13 42 84.500
13 37 65.250
13 36 72.750
13 35 73.500
13 34 81.500
13 29 84.625
13 27 55.125
13 26 11.375
13 23 46.750
13 22 21.625
13 20 68.750
13 17 88.500
13 16 99.500
13 14 64.000
13 12 93.000
13 11 46.125
13 10 3.500
13 9 29.500
13 6 61.000
13 5 24.375
14 50 83.250
14 49 59.000
14 45 75.625
14 44 14.625
14 43 20.375
14 42 1.750
14 39 33.000
14 37 4.375
14 35 94.250
14 34 19.500
14 32 91.000
14 31 81.500
14 27 76.125
14 26 54.500
14 25 64.500
14 24 81.750
14 23 59.875
14 21 86.375
14 20 28.500
14 19 57.875
14 18 77.250
14 13 13.750
14 10 62.625
14 9 49.500
14 7 84.250
14 5 10.000
14 3 28.500
14 2 73.500
15 50 36.750
15 49 95.125
15 48 61.375
15 43 68.375
15 41 17.000
15 40 81.125
15 39 1.875
15 38 54.250
15 37 97.000
15 36 16.875
15 35 15.750
15 34 99.750
15 32 44.875
15 31 83.000
15 27 79.750
15 26 73.125
15 25 51.375
15 22 15.500
15 18 11.625
15 17 40.500
15 14 56.750
15 12 54.875
15 5 84.750
15 3 52.625
16 49 4.625
16 48 18.000
16 47 67.750
16 44 24.625
16 41 24.000
16 38 89.500
16 37 45.000
16 34 18.875
16 31 22.375
16 30 84.000
16 25 89.250
16 24 25.250
16 23 11.000
16 22 99.375
16 21 6.375
16 19 29.375
16 17 84.875
16 14 23.375
16 13 19.875
16 12 78.250
16 11 82.250
16 8 44.500
16 7 59.000
16 6 93.500
16 5 17.875
16 3 0.875
16 1 77.000
17 49 55.375
17 47 4.875
17 44 55.625
17 43 19.625
17 41 11.375
17 40 44.125
17 39 66.000
17 37 10.875
17 35 75.000
17 33 62.500
17 26 81.500
17 23 13.500
17 21 8.250
17 20 15.250
17 18 72.500
17 14 9.375
17 13 52.875
17 11 11.875
17 7 23.750
17 5 78.750
17 4 78.375
17 3 87.625
17 1 88.750
18 49 71.375
18 48 73.750
18 46 55.750
18 44 54.500
18 42 3.250
18 40 88.000
18 37 90.500
18 36 78.000
18 33 30.625
18 32 77.125
18 26 17.875
18 25 80.000
18 23 12.625
18 22 63.375
18 21 15.125
18 20 90.500
18 17 35.000
18 16 10.250
18 15 28.250
18 13 72.625
18 12 77.000
18 10 65.500
18 9 88.250
18 8 78.250
18 6 67.375
18 3 36.000
19 49 71.875
19 48 6.250
19 46 56.625
19 44 56.500
19 43 66.875
19 42 23.625
19 38 45.625
19 35 20.875
19 34 56.375
19 32 42.375
19 31 98.750
19 29 31.625
19 28 49.625
19 27 56.625
19 26 9.750
19 25 81.500
19 18 29.875
19 16 16.000
19 15 17.250
19 12 63.250
19 10 20.125
19 7 52.875
20 50 48.000
20 48 13.125
20 41 85.875
20 40 20.500
20 38 30.875
20 37 56.875
20 36 3.125
20 34 54.500
20 33 51.250
20 30 84.250
20 28 78.000
20 27 59.000
20 25 56.875
20 22 75.250
20 19 89.500
20 17 83.125
20 14 48.625
20 8 16.875
20 7 6.250
20 6 75.750
20 3 48.125
20 2 45.625
20 1 70.625
21 46 13.875
21 45 35.125
21 42 90.625
21 40 40.375
21 39 89.750
21 38 75.500
21 36 41.875
21 35 43.750
21 34 55.875
21 33 15.250
21 29 66.000
21 27 10.000
21 25 85.125
21 24 54.125
21 23 50.250
21 22 52.125
21 20 2.375
21 17 99.625
21 15 86.375
21 14 84.625
21 10 76.500
21 8 55.875
21 7 71.000
21 6 42.875
21 4 39.750
21 3 55.750
21 2 62.750
21 1 27.625
22 45 90.500
22 44 3.500
22 40 37.750
22 38 90.375
22 37 10.125
22 35 55.250
22 34 46.125
22 32 71.375
22 31 29.750
22 29 62.750
22 28 42.750
22 27 94.500
22 26 93.625
22 24 23.625
22 21 95.500
22 20 85.250
22 18 31.375
22 17 35.750
22 14 74.750
22 12 39.500
22 11 66.875
22 8 47.625
22 7 45.500
22 6 50.375
22 5 15.750
22 4 28.000
22 3 68.750
22 2 17.500
22 1 12.625
23 50 97.750
23 49 75.000
23 46 99.500
23 45 85.875
23 42 55.250
23 38 74.250
23 36 8.875
23 34 80.375
23 32 34.875
23 31 48.875
23 25 70.375
23 20 75.750
23 19 89.500
23 15 89.125
23 14 58.375
23 12 85.000
23 11 45.375
23 10 2.125
23 9 97.125
23 6 16.625
24 50 76.250
24 48 56.125
24 47 79.125
24 46 0.500
24 45 14.625
24 34 68.625
24 33 28.125
24 31 89.375
24 29 81.875
24 28 20.000
24 27 29.375
24 25 13.000
24 22 71.125
24 20 73.250
24 19 20.125
24 18 84.750
24 17 28.625
24 14 80.000
24 13 38.625
24 12 67.250
24 10 34.250
24 8 91.000
24 7 16.250
24 6 89.125
24 5 7.750
24 4 97.875
24 2 46.750
25 50 59.500
25 49 74.875
25 48 40.500
25 46 23.000
25 45 52.000
25 43 62.125
25 42 48.500
25 40 26.000
25 38 59.625
25 36 11.375
25 33 61.125
25 32 11.375
25 31 47.875
25 30 36.625
25 29 17.500
25 26 80.375
25 23 67.000
25 21 22.375
25 20 51.875
25 19 79.125
25 18 48.125
25 16 39.500
25 14 60.375
25 13 48.250
25 12 4.750
25 6 66.875
25 5 13.250
25 4 16.375
25 3 52.375
25 2 55.875
25 1 98.750
26 50 72.625
26 45 31.500
26 44 15.250
26 41 93.750
26 33 67.875
26 32 58.375
26 30 72.625
26 23 36.375
26 21 35.500
26 20 27.750
26 17 20.250
26 15 8.750
26 14 98.250
26 13 13.000
26 12 47.875
26 10 85.625
26 8 85.875
26 7 11.875
26 4 85.375
26 3 40.875
26 1 69.000
27 50 3.375
27 49 83.625
27 47 37.500
27 45 22.000
27 44 92.625
27 41 46.375
27 40 38.500
27 39 41.625
27 36 52.250
27 34 99.375
27 32 97.375
27 31 47.250
27 30 88.125
27 29 59.375
27 28 15.375
27 26 14.125
27 25 93.375
27 24 57.125
27 21 4.750
27 20 47.750
27 18 75.125
27 17 52.750
27 16 92.125
27 14 82.625
27 12 1.000
27 11 45.500
27 9 28.375
27 6 61.250
27 4 28.000
27 2 81.250
28 50 19.250
28 48 76.000
28 46 74.500
28 39 89.625
28 37 33.500
28 34 59.000
28 33 20.750
28 30 48.000
28 29 76.875
28 26 76.375
28 24 22.500
28 21 57.375
28 20 27.125
28 19 61.500
28 18 56.125
28 17 35.125
28 16 58.375
28 15 60.000
28 14 13.750
28 12 91.625
28 11 9.375
28 9 83.500
28 8 53.875
28 7 24.375
28 4 83.125
28 2 60.875
28 1 65.375
29 50 98.000
29 47 6.375
29 45 77.750
29 42 19.000
29 41 90.000
29 39 32.625
29 36 15.625
29 35 71.750
29 33 2.875
29 32 96.250
29 30 73.500
29 28 94.250
29 25 63.625
29 23 89.875
29 22 65.625
29 20 57.250
29 12 68.750
29 8 22.625
29 6 99.125
29 5 65.500
29 4 17.750
29 3 73.750
29 2 56.375
29 1 3.000
30 47 41.375
30 45 24.000
30 44 68.500
30 43 58.875
30 41 66.250
30 39 26.000
30 37 63.750
30 35 2.250
30 32 5.000
30 31 70.125
30 29 44.250
30 28 78.875
30 26 5.000
30 25 18.500
30 23 64.750
30 22 39.125
30 21 40.250
30 20 3.875
30 18 5.875
30 17 54.125
30 16 54.875
30 14 77.125
30 13 89.875
30 9 73.750
30 8 98.750
30 6 53.750
30 3 52.125
30 1 78.000
31 50 80.375
31 49 56.250
31 46 61.125
31 43 10.125
31 42 28.250
31 33 14.250
31 32 33.375
31 30 70.500
31 29 0.000
31 28 67.000
31 26 93.125
31 25 1.125
31 24 2.125
31 17 24.375
31 16 74.500
31 14 77.375
31 13 25.125
31 12 53.375
31 11 5.250
31 10 99.875
31 8 73.875
31 7 1.250
31 6 58.000
31 3 61.875
32 50 93.875
32 49 25.250
32 46 19.125
32 43 62.625
32 42 65.250
32 38 75.625
32 37 52.125
32 34 31.500
32 31 48.625
32 30 95.000
32 29 91.875
32 28 97.875
32 25 81.125
32 23 91.250
32 16 29.000
32 13 93.000
32 11 82.875
32 10 80.375
32 9 62.875
32 8 92.125
32 7 82.500
32 4 86.000
32 2 80.500
33 48 56.750
33 46 55.625
33 44 94.750
33 43 9.625
33 42 2.250
33 39 3.750
33 38 50.000
33 37 76.500
33 36 41.625
33 32 85.875
33 30 3.625
33 29 5.500
33 27 58.625
33 19 88.750
33 18 22.625
33 17 90.625
33 15 71.500
33 14 84.125
33 8 52.125
33 6 46.875
33 5 40.125
33 3 8.500
33 1 59.875
34 50 86.875
34 48 8.125
34 46 50.500
34 45 15.000
34 44 14.125
34 41 34.125
34 36 9.250
34 32 97.375
34 28 69.250
34 27 78.625
34 24 61.750
34 22 0.125
34 19 36.000
34 18 48.375
34 17 55.000
34 16 39.750
34 15 35.875
34 10 98.500
34 9 84.375
34 7 80.625
34 5 67.375
34 4 61.625
34 3 44.500
34 1 58.500
35 50 98.500
35 47 67.000
35 46 18.125
35 41 17.500
35 39 34.250
35 38 71.625
35 37 26.500
35 36 76.000
35 33 44.250
35 32 82.125
35 28 64.250
35 27 68.875
35 26 20.500
35 24 13.625
35 23 28.750
35 22 54.625
35 21 59.625
35 18 52.000
35 16 75.875
35 12 76.375
35 11 46.375
35 10 4.375
35 9 48.250
35 7 44.250
35 6 53.625
35 3 45.500
36 50 80.500
36 49 45.750
36 48 58.875
36 43 26.375
36 42 93.375
36 40 52.000
36 39 3.375
36 38 86.125
36 37 33.875
36 33 29.875
36 31 87.125
36 30 31.000
36 28 41.000
36 26 91.375
36 25 62.750
36 24 16.500
36 22 41.375
36 20 10.625
36 19 8.750
36 16 85.375
36 15 44.250
36 14 42.750
36 13 85.000
36 11 90.000
36 10 6.125
36 9 44.375
36 7 51.000
36 4 18.250
36 2 70.250
37 49 46.875
37 48 3.875
37 47 95.375
37 46 39.125
37 44 64.625
37 43 23.875
37 42 1.875
37 40 62.125
37 39 20.625
37 38 27.875
37 34 26.625
37 31 8.500
37 29 91.625
37 28 97.000
37 24 87.750
37 22 20.125
37 20 39.625
37 19 58.375
37 18 14.500
37 17 72.250
37 13 40.500
37 9 74.750
37 7 88.500
37 1 75.750
38 50 31.000
38 49 43.000
38 48 57.125
38 47 45.625
38 45 70.375
38 43 68.500
38 41 60.750
38 36 45.250
38 35 92.500
38 34 51.500
38 33 34.500
38 29 53.375
38 28 5.125
38 27 5.500
38 26 75.125
38 25 59.375
38 24 9.125
38 23 7.625
38 22 11.625
38 20 86.750
38 19 18.125
38 18 47.500
38 17 46.125
38 16 15.750
38 15 49.750
38 14 81.125
38 13 21.375
38 11 56.625
38 10 10.875
38 9 47.250
38 6 52.625
38 4 24.750
38 2 22.125
38 1 55.375
39 50 38.750
39 49 25.625
39 47 39.000
39 46 70.750
39 42 97.625
39 41 23.750
39 40 23.500
39 37 38.250
39 35 96.125
39 33 91.875
39 27 11.750
39 26 42.125
39 24 89.625
39 22 82.375
39 21 65.875
39 20 76.250
39 19 64.000
39 18 89.625
39 16 12.000
39 14 66.250
39 12 95.750
39 11 28.375
39 10 40.125
39 7 52.375
39 6 67.375
39 4 74.875
39 2 45.000
40 50 23.125
40 49 35.875
40 48 43.750
40 46 76.500
40 45 17.250
40 42 7.875
40 37 5.125
40 33 91.375
40 29 34.250
40 26 94.750
40 24 67.125
40 19 81.375
40 18 24.250
40 16 96.125
40 15 94.625
40 14 64.125
40 13 9.000
40 12 44.500
40 9 44.000
40 7 20.500
40 6 27.500
40 5 3.500
40 4 86.000
40 3 5.500
41 50 56.625
41 49 90.875
41 45 95.000
41 43 98.375
41 40 40.250
41 39 31.750
41 38 49.625
41 35 63.875
41 33 53.000
41 31 67.875
41 30 51.875
41 29 11.500
41 25 52.500
41 24 96.625
41 22 58.000
41 21 48.250
41 20 15.500
41 12 21.625
41 11 1.750
41 9 22.750
41 2 36.750
41 1 38.500
42 48 77.125
42 44 24.250
42 43 13.250
42 39 2.250
42 36 56.000
42 34 57.000
42 31 99.000
42 30 39.250
42 23 98.625
42 20 49.500
42 16 16.125
42 14 64.375
42 10 33.625
42 8 84.000
42 4 27.000
42 1 88.000
43 49 85.375
43 47 96.125
43 45 67.375
43 40 65.250
43 38 43.500
43 36 75.000
43 32 0.125
43 27 39.375
43 24 24.125
43 22 23.000
43 20 39.500
43 16 75.500
43 14 62.125
43 12 45.625
43 11 76.875
43 8 9.375
43 2 60.500
44 50 55.250
44 49 66.500
44 48 99.750
44 47 65.875
44 42 31.000
44 39 13.375
44 38 79.125
44 31 41.500
44 26 99.375
44 24 89.750
44 22 39.250
44 20 17.375
44 19 79.375
44 18 84.625
44 17 70.750
44 15 85.250
44 14 40.500
44 13 1.500
44 12 21.750
44 11 34.000
44 9 68.625
44 8 9.500
44 7 11.750
44 6 50.125
44 5 21.875
44 2 74.125
44 1 24.875
45 48 15.625
45 42 70.625
45 41 58.625
45 40 4.750
45 39 6.750
45 38 86.125
45 32 78.000
45 28 35.375
45 27 30.750
45 26 26.625
45 25 2.875
45 23 15.125
45 22 74.250
45 21 13.875
45 20 22.000
45 18 55.375
45 16 7.750
45 13 10.125
45 10 55.500
45 8 14.875
45 5 5.250
45 4 70.250
45 3 19.625
46 48 14.375
46 47 54.125
46 42 24.250
46 41 2.875
46 40 64.000
46 39 65.625
46 38 13.875
46 36 54.375
46 33 95.875
46 31 12.875
46 30 42.500
46 27 35.750
46 26 89.375
46 22 2.500
46 21 15.000
46 19 73.875
46 14 58.000
46 12 99.250
46 11 44.000
46 10 76.000
46 6 84.750
46 5 14.125
46 1 82.750
47 50 44.250
47 46 2.875
47 41 76.375
47 40 59.625
47 39 25.750
47 32 61.875
47 30 38.250
47 29 69.875
47 26 84.625
47 25 77.125
47 22 1.125
47 20 32.875
47 19 9.750
47 18 17.625
47 16 3.125
47 15 79.125
47 14 72.125
47 13 23.625
47 12 0.875
47 10 36.750
47 9 60.500
47 6 39.750
47 5 60.000
47 4 68.125
48 47 91.375
48 46 0.750
48 42 32.125
48 36 38.625
48 35 43.000
48 34 48.250
48 28 10.125
48 26 48.125
48 25 10.875
48 24 87.250
48 22 66.500
48 21 41.875
48 19 82.375
48 14 95.875
48 11 38.375
48 8 34.625
48 7 62.000
48 1 20.750
49 50 76.625
49 48 15.500
49 46 44.875
49 44 71.375
49 43 60.750
49 38 94.500
49 37 60.125
49 34 8.250
49 32 96.625
49 26 37.500
49 25 27.500
49 24 73.500
49 22 88.375
49 21 37.750
49 20 29.375
49 18 38.000
49 16 94.625
49 15 56.750
49 13 94.500
49 10 89.500
49 7 5.875
49 3 85.000
49 1 11.375
50 49 96.875
50 46 44.125
50 44 98.375
50 42 66.625
50 36 41.375
50 35 83.750
50 32 93.125
50 30 37.500
50 28 87.875
50 27 28.250
50 26 4.750
50 25 45.625
50 23 31.750
50 22 49.000
50 21 70.375
50 20 15.000
50 18 25.125
50 14 16.750
50 10 49.625
50 6 64.125
50 5 65.250
50 4 13.875
