dl
format=edgelist1
n=50
data:
1 50 99.500
1 49 8.875
1 46 67.625
1 41 85.625
1 40 91.875
1 39 59.375
1 38 5.000
1 37 10.750
1 34 32.250
1 32 53.250
1 29 36.750
1 28 97.000
1 24 15.625
1 23 35.375
1 20 54.250
1 14 91.750
1 13 10.875
1 10 69.250
1 9 73.250
1 8 86.125
1 7 90.875
2 46 11.875
2 44 18.000
2 43 13.375
2 38 99.875
2 37 70.125
2 31 70.250
2 28 61.375
2 27 43.125
2 25 72.625
2 24 93.750
2 23 65.750
2 22 28.250
2 20 28.625
2 19 46.875
2 16 98.250
2 15 23.000
2 13 69.625
2 10 18.250
2 8 13.125
2 7 67.875
2 5 48.875
3 50 57.375
3 48 48.250
3 46 98.250
3 45 57.375
3 43 30.250
3 42 2.500
3 41 6.500
3 40 18.500
3 38 67.375
3 36 84.500
3 34 85.250
3 33 81.750
3 32 89.125
3 31 28.500
3 29 29.125
3 26 27.000
3 25 25.250
3 23 38.750
3 21 61.125
3 20 84.625
3 18 37.500
3 17 99.250
3 16 51.875
3 14 72.500
3 12 59.125
3 11 44.375
3 10 85.375
3 9 37.250
3 6 86.375
3 4 77.500
3 2 74.125
3 1 68.375
4 49 19.500
4 47 59.375
4 46 42.625
4 45 77.250
4 44 17.375
4 43 10.625
4 39 25.875
4 38 94.750
4 37 15.625
4 36 55.625
4 32 2.000
4 31 52.875
4 30 60.000
4 27 91.000
4 24 39.250
4 20 21.625
4 19 89.500
4 14 5.625
4 13 24.500
4 12 18.875
4 5 78.625
4 3 12.625
4 1 27.250
5 50 27.625
5 48 4.250
5 45 32.000
5 44 75.000
5 43 70.250
5 41 86.375
5 40 77.000
5 39 33.000
5 38 91.375
5 36 30.875
5 35 61.625
5 34 0.250
5 33 80.625
5 32 23.250
5 31 94.375
5 29 38.500
5 27 8.625
5 25 83.875
5 21 27.750
5 20 4.750
5 19 60.500
5 17 1.000
5 16 44.125
5 10 9.500
5 9 50.375
5 7 22.375
5 6 24.750
5 4 26.875
5 3 45.750
6 49 88.625
6 48 62.750
6 45 34.750
6 44 52.250
6 42 62.000
6 41 85.750
6 40 59.000
6 39 23.000
6 37 41.375
6 36 71.500
6 27 89.500
6 24 0.125
6 22 90.125
6 16 82.000
6 14 7.000
6 10 24.875
6 9 4.375
6 7 55.125
6 5 90.250
6 3 10.125
7 50 87.250
7 49 31.875
7 47 31.750
7 46 90.125
7 45 63.375
7 43 1.000
7 41 23.375
7 40 32.125
7 38 17.625
7 36 61.500
7 35 1.500
7 33 76.125
7 32 43.250
7 28 15.750
7 23 39.000
7 22 77.500
7 19 92.875
7 17 30.000
7 16 31.500
7 12 64.875
7 11 63.125
7 9 79.375
7 6 56.250
7 5 35.625
7 4 53.375
7 3 84.750
8 50 66.000
8 49 28.875
8 46 51.875
8 45 43.125
8 42 21.000
8 41 64.875
8 40 66.750
8 38 50.750
8 36 66.625
8 34 14.375
8 32 16.500
8 31 25.500
8 28 82.250
8 24 71.625
8 20 91.125
8 19 30.375
8 18 55.750
8 17 84.000
8 16 2.250
8 15 40.750
8 14 97.750
8 13 14.375
8 12 76.125
8 9 53.625
8 5 99.375
8 3 37.750
8 2 63.500
9 50 60.875
9 49 32.000
9 47 49.500
9 44 29.625
9 42 30.125
9 40 13.250
9 39 7.000
9 37 50.000
9 36 31.000
9 35 81.000
9 34 97.875
9 32 14.875
9 30 96.875
9 29 60.125
9 26 70.500
9 25 99.375
9 24 40.250
9 20 88.000
9 19 16.500
9 14 77.875
9 12 56.875
9 11 18.000
9 7 1.000
9 2 94.375
9 1 1.625
10 45 52.375
10 43 49.500
10 42 64.875
10 40 47.625
10 38 91.125
10 37 59.375
10 36 25.625
10 30 42.500
10 27 7.875
10 25 99.375
10 24 2.875
10 23 34.000
10 20 17.375
10 19 56.375
10 18 44.875
10 17 56.625
10 15 75.500
10 14 14.250
10 12 84.125
10 7 94.125
10 6 42.750
10 5 62.625
10 2 16.750
11 50 25.250
11 49 7.250
11 47 0.125
11 46 58.250
11 45 33.375
11 44 30.500
11 43 99.250
11 42 26.625
11 41 3.000
11 38 83.000
11 37 97.625
11 36 60.500
11 35 91.000
11 33 66.500
11 31 7.000
11 29 95.125
11 26 40.625
11 24 66.000
11 23 52.500
11 20 2.000
11 19 12.250
11 14 65.875
11 13 41.875
11 12 59.500
11 10 47.875
11 8 43.500
11 7 0.250
11 5 74.625
11 4 22.250
11 1 39.375
12 49 93.250
12 45 80.250
12 44 7.000
12 43 66.625
12 42 49.875
12 40 56.750
12 38 0.125
12 37 67.125
12 33 38.250
12 28 87.500
12 26 93.125
12 25 47.875
12 23 92.875
12 19 96.375
12 18 56.625
12 17 75.125
12 14 25.000
12 13 67.125
12 10 74.375
12 8 47.750
12 7 94.375
12 6 59.375
12 5 79.375
12 4 86.875
13 49 37.500
13 48 8.125
13 47 21.500
13 45 6.500
13 43 30.125
13 42 80.875
13 41 12.250
13 40 51.250
13 38 3.750
13 33 88.125
13 32 17.875
13 31 49.250
13 30 55.750
13 27 14.875
13 26 11.125
13 25 62.375
13 24 54.500
13 23 9.875
13 20 47.500
13 16 82.250
13 15 17.125
13 14 23.125
13 11 9.125
13 10 17.500
13 9 38.625
13 6 6.500
13 4 84.375
13 1 18.000
14 50 52.750
14 48 74.000
14 47 91.750
14 46 93.375
14 44 82.375
14 43 93.625
14 42 94.625
14 41 43.625
14 39 26.125
14 38 31.375
14 37 50.000
14 36 54.250
14 34 55.750
14 32 78.750
14 31 75.875
14 30 44.500
14 29 68.125
14 28 75.250
14 26 86.625
14 23 81.250
14 22 48.625
14 20 18.625
14 19 73.625
14 16 98.250
14 15 76.875
14 12 70.375
14 10 40.125
14 9 59.750
14 8 21.250
14 7 13.000
14 5 9.250
14 4 28.500
14 2 30.000
15 43 95.125
15 42 47.250
15 39 95.875
15 38 61.250
15 37 7.750
15 34 41.625
15 30 10.625
15 26 31.875
15 25 32.125
15 23 2.375
15 21 16.250
15 19 23.500
15 17 55.750
15 11 7.125
15 10 53.375
15 9 85.875
15 8 31.125
15 5 61.000
15 4 45.000
15 3 62.875
15 2 86.125
15 1 51.500
16 48 37.625
16 47 35.625
16 45 69.875
16 44 69.750
16 41 84.625
16 39 27.000
16 38 69.500
16 33 45.375
16 32 98.000
16 30 6.750
16 28 76.875
16 25 11.250
16 22 67.750
16 21 6.500
16 20 57.625
16 19 25.375
16 15 13.875
16 14 14.375
16 11 23.250
16 10 48.625
16 8 20.000
16 7 11.125
16 6 8.125
16 3 7.250
17 50 98.750
17 48 36.750
17 45 97.375
17 44 4.375
17 43 17.250
17 40 78.500
17 38 80.250
17 37 46.875
17 35 84.000
17 33 15.625
17 32 88.750
17 30 62.000
17 29 18.250
17 27 22.375
17 26 40.250
17 23 95.750
17 22 3.250
17 21 98.250
17 16 62.750
17 14 68.375
17 11 60.500
17 9 65.375
17 7 95.875
17 6 84.750
17 3 90.500
18 50 90.875
18 48 3.750
18 46 30.250
18 43 85.750
18 41 9.500
18 40 92.500
18 39 49.500
18 38 80.750
18 34 62.500
18 33 2.750
18 32 31.750
18 30 87.000
18 29 76.625
18 27 58.500
18 25 79.250
18 24 76.250
18 20 25.875
18 17 89.125
18 16 8.125
18 15 36.125
18 10 44.625
18 8 13.500
18 6 73.125
18 4 87.750
18 2 87.625
19 48 89.375
19 46 27.625
19 45 98.250
19 44 11.750
19 43 59.250
19 39 21.375
19 35 30.250
19 34 82.250
19 32 32.625
19 30 11.125
19 28 39.250
19 27 4.250
19 26 22.500
19 24 45.750
19 20 56.250
19 15 23.000
19 10 75.625
19 9 21.375
19 7 71.875
19 4 39.125
19 2 76.625
19 1 46.375
20 50 52.000
20 49 33.250
20 48 90.375
20 47 55.250
20 46 9.875
20 43 10.750
20 41 37.375
20 39 35.625
20 38 36.750
20 37 95.625
20 35 70.875
20 32 59.875
20 31 28.750
20 28 66.625
20 23 56.000
20 18 1.750
20 15 23.000
20 13 24.750
20 12 20.625
20 8 79.625
20 7 60.750
20 5 14.625
20 3 62.125
20 2 29.250
20 1 31.375
21 49 74.000
21 48 26.625
21 47 56.375
21 42 9.875
21 38 57.250
21 37 54.625
21 36 3.000
21 34 83.750
21 32 12.125
21 31 97.500
21 27 46.750
21 23 36.750
21 22 22.500
21 19 89.125
21 18 46.625
21 16 22.875
21 13 92.625
21 12 71.625
21 5 99.500
21 1 30.625
22 50 33.500
22 48 88.125
22 46 24.500
22 44 88.000
22 42 30.000
22 41 34.375
22 40 19.500
22 39 71.500
22 37 52.000
22 34 10.125
22 32 97.750
22 31 8.125
22 30 86.625
22 29 63.500
22 28 8.750
22 27 31.375
22 24 25.250
22 23 74.625
22 21 22.625
22 18 43.875
22 17 63.125
22 16 33.000
22 12 52.375
22 10 81.625
22 8 27.000
22 5 55.125
23 50 53.750
23 49 95.250
23 48 88.875
23 46 56.875
23 45 86.125
23 44 30.250
23 42 71.375
23 40 31.750
23 37 48.750
23 36 32.250
23 35 78.750
23 34 54.625
23 31 52.375
23 28 31.875
23 26 85.375
23 25 86.250
23 21 12.500
23 20 47.500
23 19 17.375
23 13 79.500
23 11 19.750
23 10 15.125
23 9 53.750
23 6 46.500
23 5 30.000
23 3 41.125
24 49 61.750
24 47 58.875
24 42 76.625
24 41 28.625
24 39 54.125
24 36 7.750
24 33 75.875
24 32 54.250
24 28 39.500
24 26 61.250
24 22 50.250
24 21 73.750
24 19 19.875
24 18 73.125
24 15 16.000
24 13 29.750
24 9 90.125
24 6 68.000
24 5 43.875
24 4 33.125
24 3 84.875
25 50 4.750
25 49 57.625
25 47 29.625
25 46 58.750
25 45 78.375
25 44 2.000
25 43 14.750
25 40 32.750
25 38 4.250
25 37 99.500
25 36 9.875
25 34 29.500
25 33 99.375
25 32 91.625
25 31 28.000
25 30 76.750
25 29 35.500
25 28 22.500
25 27 82.000
25 26 85.375
25 22 53.625
25 20 51.625
25 18 13.875
25 16 82.000
25 15 17.875
25 12 92.250
25 10 63.625
25 9 82.375
25 8 79.750
25 7 40.625
25 6 54.625
25 1 32.625
26 50 1.625
26 46 53.750
26 43 69.750
26 41 32.875
26 40 81.375
26 38 2.875
26 37 28.875
26 36 26.875
26 34 10.875
26 33 20.875
26 32 90.375
26 31 85.125
26 30 29.250
26 29 75.625
26 25 52.750
26 23 35.125
26 20 78.375
26 19 91.375
26 15 16.000
26 14 21.500
26 13 61.750
26 12 23.625
26 11 94.750
26 10 49.875
26 9 4.625
26 7 22.875
26 6 17.500
26 1 34.625
27 50 84.000
27 44 28.125
27 41 84.625
27 40 45.625
27 38 18.750
27 35 30.125
27 33 1.000
27 32 95.500
27 30 16.625
27 29 91.875
27 25 15.000
27 24 48.875
27 21 43.125
27 20 39.250
27 18 76.750
27 17 25.125
27 15 49.125
27 14 7.750
27 13 94.625
27 10 4.250
27 9 66.500
27 8 55.625
27 7 20.000
27 6 17.125
27 3 83.500
27 1 62.500
28 50 48.250
28 49 52.750
28 48 62.250
28 43 25.875
28 40 38.250
28 37 57.000
28 30 17.750
28 29 69.750
28 26 16.625
28 24 82.250
28 22 41.625
28 21 85.375
28 20 64.875
28 17 54.250
28 16 0.500
28 15 47.250
28 14 72.375
28 13 63.625
28 11 98.875
28 9 53.125
28 6 66.250
28 5 40.625
28 4 73.000
28 3 35.000
28 2 0.625
29 50 53.000
29 46 59.750
29 44 69.250
29 37 15.375
29 36 39.875
29 34 28.000
29 31 81.375
29 30 17.125
29 27 94.000
29 26 34.000
29 24 92.125
29 23 84.500
29 22 4.625
29 21 31.250
29 20 78.250
29 19 13.250
29 16 11.750
29 14 80.125
29 13 85.625
29 12 55.375
29 11 23.000
29 10 80.250
29 8 41.875
29 6 57.875
29 5 19.250
29 4 76.000
29 2 15.125
29 1 2.375
30 48 33.125
30 47 26.375
30 45 46.625
30 44 67.625
30 43 8.750
30 40 88.500
30 39 22.500
30 36 80.875
30 31 67.625
30 29 76.875
30 22 43.000
30 21 47.625
30 19 95.250
30 17 90.750
30 14 27.250
30 13 10.250
30 12 22.000
30 11 42.375
30 10 81.250
30 9 72.000
30 8 20.375
30 7 80.500
30 6 30.000
30 5 80.375
30 4 27.500
30 3 60.375
30 2 4.375
30 1 32.625
31 50 37.000
31 49 71.375
31 48 23.750
31 47 77.875
31 45 96.375
31 43 76.000
31 41 35.500
31 40 38.125
31 38 44.875
31 36 38.375
31 34 58.375
31 33 14.250
31 32 15.875
31 28 50.625
31 26 81.375
31 24 20.375
31 23 78.500
31 19 70.625
31 18 68.500
31 17 6.375
31 16 84.250
31 15 50.625
31 10 85.375
31 9 78.125
31 8 69.125
31 7 49.375
31 5 30.375
31 2 69.750
31 1 63.500
32 49 89.750
32 47 83.000
32 45 30.875
32 44 25.625
32 40 79.125
32 38 45.000
32 36 39.625
32 29 86.125
32 27 24.000
32 26 6.750
32 25 90.125
32 23 27.750
32 19 71.125
32 18 8.875
32 17 97.875
32 12 88.625
32 11 30.875
32 10 40.500
32 9 62.125
32 8 19.375
32 7 7.375
32 5 62.375
32 4 39.000
32 2 51.250
33 50 91.625
33 48 11.625
33 47 60.500
33 46 17.750
33 45 97.375
33 44 56.375
33 42 70.500
33 40 1.750
33 37 71.000
33 34 83.750
33 32 79.750
33 31 13.375
33 27 87.375
33 26 77.875
33 24 26.000
33 23 87.250
33 21 90.125
33 20 7.500
33 19 37.625
33 18 84.250
33 16 1.250
33 14 70.375
33 10 21.125
33 9 94.125
33 7 49.000
33 6 66.250
33 5 40.125
33 4 97.125
34 49 20.250
34 48 84.500
34 46 92.250
34 44 53.750
34 43 44.500
34 42 3.750
34 41 68.750
34 39 24.625
34 38 78.000
34 37 85.125
34 36 74.750
34 35 61.375
34 31 74.000
34 30 2.375
34 28 8.375
34 26 58.875
34 25 86.375
34 24 49.625
34 21 44.125
34 20 55.750
34 17 22.875
34 16 52.375
34 14 28.125
34 13 80.875
34 11 24.375
34 10 86.750
34 9 49.375
34 6 73.750
34 3 54.375
34 2 5.000
35 49 56.250
35 47 7.750
35 45 4.500
35 44 32.625
35 43 57.875
35 39 74.375
35 37 16.250
35 36 92.625
35 34 40.750
35 32 8.125
35 31 93.750
35 30 35.250
35 29 48.500
35 24 43.000
35 19 42.750
35 16 92.625
35 15 65.750
35 12 32.625
35 7 30.625
35 6 51.000
35 4 53.250
35 2 78.375
35 1 53.500
36 50 56.000
36 49 61.875
36 48 48.625
36 40 53.875
36 39 44.000
36 38 39.875
36 37 92.250
36 35 23.125
36 34 0.375
36 33 75.500
36 32 64.500
36 31 16.750
36 28 1.500
36 25 59.500
36 24 24.125
36 23 76.500
36 22 45.125
36 21 31.125
36 20 99.000
36 19 69.625
36 18 51.875
36 15 94.250
36 14 87.875
36 13 83.125
36 11 50.375
36 10 52.250
36 9 4.625
36 7 30.125
36 6 86.500
36 5 84.375
36 4 63.375
36 3 81.625
37 49 69.250
37 47 52.000
37 46 90.125
37 44 55.125
37 42 23.750
37 41 90.875
37 40 5.875
37 39 41.250
37 38 1.750
37 34 75.375
37 27 17.250
37 22 99.750
37 20 61.500
37 19 32.250
37 18 41.125
37 17 25.750
37 14 67.375
37 11 33.750
37 10 57.250
37 9 96.500
37 8 88.375
37 6 96.000
37 4 77.750
37 2 2.125
38 50 21.625
38 49 98.875
38 48 2.125
38 46 43.875
38 44 42.500
38 41 87.625
38 39 74.375
38 36 86.250
38 30 22.000
38 28 50.250
38 27 56.125
38 25 58.125
38 24 12.750
38 23 8.125
38 20 3.125
38 19 13.250
38 18 43.000
38 16 4.875
38 14 40.125
38 12 52.500
38 11 71.625
38 10 89.500
38 8 98.000
38 7 23.625
38 6 91.875
38 5 16.875
38 2 17.375
39 44 9.750
39 43 97.250
39 40 39.250
39 36 50.625
39 35 91.750
39 34 57.000
39 29 17.500
39 25 41.000
39 24 45.375
39 22 22.125
39 21 59.000
39 19 9.750
39 18 24.750
39 17 92.500
39 16 84.125
39 13 55.375
39 12 39.125
39 6 51.000
39 3 23.250
39 2 71.250
39 1 4.000
40 50 4.125
40 49 89.875
40 48 39.375
40 47 12.000
40 46 73.625
40 42 89.625
40 41 73.875
40 39 50.750
40 38 18.250
40 35 93.125
40 34 14.250
40 29 11.625
40 28 15.625
40 27 34.500
40 25 52.625
40 24 27.000
40 23 37.875
40 22 85.625
40 21 64.000
40 20 29.375
40 19 84.500
40 18 39.500
40 17 68.000
40 15 58.250
40 11 31.125
40 10 15.125
40 7 89.375
40 5 32.250
40 2 0.000
40 1 13.000
41 50 98.625
41 47 19.625
41 44 94.000
41 40 2.000
41 39 35.250
41 38 15.875
41 36 70.250
41 33 34.750
41 30 2.375
41 29 31.125
41 28 50.000
41 27 63.375
41 26 76.500
41 25 76.000
41 24 50.625
41 22 8.125
41 20 85.000
41 19 45.500
41 18 53.875
41 17 12.750
41 16 35.625
41 15 49.375
41 14 64.875
41 12 27.125
41 5 66.625
41 4 42.500
41 3 62.000
41 1 37.000
42 49 74.500
42 47 4.750
42 46 37.750
42 45 84.500
42 41 83.500
42 39 86.875
42 38 54.250
42 36 34.375
42 33 50.875
42 32 81.500
42 31 5.625
42 29 21.875
42 28 63.375
42 27 43.875
42 24 94.500
42 21 96.500
42 20 68.500
42 19 2.750
42 18 53.125
42 16 10.000
42 15 20.625
42 13 18.500
42 12 83.625
42 6 12.500
43 50 52.375
43 47 9.625
43 42 68.125
43 41 7.875
43 40 83.125
43 38 84.250
43 34 60.875
43 33 36.500
43 32 54.750
43 28 61.875
43 26 40.500
43 25 27.625
43 23 73.500
43 22 3.000
43 15 43.500
43 12 32.875
43 10 10.125
43 7 41.250
43 6 21.375
43 2 54.000
44 50 57.375
44 49 62.750
44 47 67.500
44 46 79.500
44 45 21.250
44 43 27.000
44 39 42.000
44 38 83.000
44 37 34.125
44 36 95.625
44 33 45.000
44 32 85.250
44 30 28.250
44 29 95.125
44 27 83.750
44 25 56.625
44 22 67.125
44 21 45.875
44 20 30.875
44 19 10.500
44 18 41.625
44 17 61.750
44 16 85.000
44 11 94.500
44 10 97.625
44 9 50.375
44 7 56.000
44 6 3.875
44 5 61.250
44 4 68.750
45 50 85.375
45 49 50.500
45 48 61.625
45 47 17.375
45 44 4.375
45 39 22.000
45 36 9.500
45 34 79.500
45 33 84.875
45 32 67.750
45 30 42.250
45 29 31.875
45 25 4.500
45 24 9.500
45 22 66.750
45 20 9.250
45 18 80.125
45 16 30.000
45 13 31.875
45 12 60.125
45 8 70.875
45 6 36.625
45 1 99.000
46 49 72.125
46 48 83.625
46 44 94.875
46 43 43.125
46 42 21.250
46 40 65.750
46 39 34.250
46 38 29.875
46 37 30.500
46 35 97.500
46 29 47.125
46 27 32.750
46 25 88.250
46 24 61.375
46 21 55.500
46 20 68.250
46 19 48.625
46 16 86.000
46 15 77.750
46 12 44.625
46 7 55.875
46 6 44.375
46 5 30.250
46 3 30.500
46 1 62.625
47 49 62.500
47 46 48.625
47 44 76.000
47 43 91.250
47 42 82.125
47 40 42.875
47 39 0.375
47 36 42.375
47 35 40.000
47 34 5.250
47 32 99.750
47 30 33.375
47 28 17.875
47 27 72.625
47 25 34.000
47 24 53.750
47 23 39.250
47 22 11.750
47 21 99.250
47 18 66.125
47 16 83.250
47 15 5.375
47 14 69.375
47 13 59.250
47 12 15.500
47 11 41.125
47 10 3.250
47 8 24.500
47 6 94.625
47 5 25.125
47 4 17.500
47 1 58.000
48 45 56.000
48 42 61.625
48 38 14.000
48 36 74.000
48 35 69.000
48 31 94.000
48 28 17.500
48 26 77.625
48 25 11.125
48 24 2.625
48 23 68.375
48 22 51.125
48 18 95.875
48 12 22.000
48 10 9.750
48 8 9.375
48 7 39.875
48 5 57.250
48 2 6.250
49 50 64.375
49 48 9.125
49 46 23.000
49 44 53.375
49 41 50.250
49 40 24.750
49 39 40.500
49 36 48.500
49 32 57.500
49 30 20.375
49 27 41.375
49 26 48.375
49 24 9.500
49 23 87.125
49 22 18.375
49 20 16.875
49 19 83.000
49 17 45.375
49 16 32.750
49 14 71.000
49 12 25.500
49 7 26.625
49 6 38.750
49 5 82.375
49 1 1.375
50 48 31.750
50 47 42.625
50 46 6.250
50 43 2.875
50 41 54.625
50 40 83.000
50 39 13.750
50 38 60.000
50 37 51.375
50 36 86.500
50 35 49.875
50 34 36.875
50 31 16.750
50 29 45.500
50 28 35.000
50 26 41.125
50 25 48.250
50 24 32.875
50 19 83.500
50 18 59.000
50 17 99.875
50 13 88.750
50 12 16.250
50 11 71.125
50 10 74.625
50 8 93.750
50 7 31.375
