dl
format=edgelist1
n=50
data:
1 49 90.625
1 47 30.250
1 45 73.000
1 43 67.625
1 41 79.125
1 40 36.500
1 39 19.750
1 35 39.250
1 34 67.500
1 32 16.875
1 31 98.500
1 28 47.000
1 26 33.125
1 25 5.375
1 24 35.375
1 22 73.250
1 18 34.500
1 17 54.500
1 16 53.500
1 10 58.500
1 7 3.125
1 5 51.750
1 4 12.500
1 3 14.000
1 2 79.875
2 49 4.375
2 48 11.125
2 47 50.000
2 42 48.125
2 36 34.000
2 32 62.125
2 29 74.250
2 28 14.000
2 27 82.625
2 26 41.750
2 23 34.875
2 19 44.375
2 18 8.375
2 16 78.000
2 15 86.625
2 14 38.625
2 13 37.250
2 12 31.500
2 10 94.875
2 9 51.000
2 4 8.875
2 1 89.125
3 49 98.625
3 48 81.875
3 47 88.750
3 44 34.750
3 42 62.125
3 41 22.500
3 40 45.875
3 37 68.625
3 36 53.125
3 34 84.500
3 32 2.875
3 28 33.875
3 27 9.000
3 25 51.500
3 23 59.500
3 21 95.625
3 20 55.750
3 15 13.875
3 14 89.000
3 12 33.125
3 10 76.250
3 9 32.875
3 7 98.750
3 6 65.750
3 5 92.000
3 1 18.500
4 50 65.625
4 47 15.625
4 46 27.375
4 45 20.125
4 42 59.000
4 40 83.125
4 37 70.375
4 36 54.125
4 29 50.500
4 23 82.000
4 21 75.750
4 20 24.500
4 19 75.875
4 18 59.000
4 17 63.875
4 16 34.875
4 13 9.875
4 9 2.750
4 6 78.500
4 3 25.250
4 2 6.250
4 1 11.750
5 50 70.125
5 44 34.250
5 43 54.625
5 42 31.375
5 38 59.750
5 37 41.875
5 34 61.125
5 30 57.250
5 28 31.750
5 26 76.750
5 23 99.625
5 22 34.250
5 21 53.625
5 18 61.250
5 12 20.000
5 11 1.875
5 9 18.750
5 8 28.500
5 6 95.250
5 4 95.750
5 2 46.500
6 49 61.750
6 46 69.750
6 45 64.625
6 43 29.375
6 42 34.375
6 38 40.375
6 34 98.750
6 32 67.375
6 31 61.625
6 29 69.375
6 28 32.000
6 25 5.125
6 24 35.125
6 23 65.625
6 22 30.000
6 19 38.000
6 16 97.000
6 14 31.250
6 13 13.625
6 12 76.750
6 10 9.000
6 7 31.875
6 5 29.750
6 4 61.250
7 50 95.875
7 47 16.875
7 45 28.500
7 43 17.750
7 40 47.250
7 38 20.625
7 37 78.500
7 36 32.875
7 34 10.250
7 30 44.125
7 27 2.125
7 26 88.375
7 25 63.250
7 23 38.000
7 21 17.125
7 20 26.500
7 19 82.750
7 15 22.500
7 14 25.125
7 13 41.250
7 12 28.500
7 11 90.500
7 8 82.000
7 6 77.625
7 4 13.375
7 3 20.875
7 1 2.875
8 50 1.875
8 48 31.250
8 47 10.000
8 46 82.625
8 42 56.375
8 41 60.500
8 39 48.000
8 38 59.375
8 36 1.750
8 35 0.000
8 34 84.750
8 33 61.250
8 31 70.625
8 28 21.750
8 27 90.625
8 23 86.500
8 20 95.375
8 16 14.375
8 14 86.500
8 11 54.375
8 10 45.375
8 7 24.625
8 6 50.625
8 3 83.750
8 2 51.250
9 50 0.750
9 48 88.750
9 46 10.000
9 45 56.000
9 42 23.750
9 39 94.500
9 38 11.375
9 35 94.250
9 32 7.125
9 31 71.250
9 30 58.625
9 29 72.125
9 28 78.625
9 27 31.250
9 26 72.875
9 14 10.500
9 13 94.000
9 10 97.125
9 6 99.250
9 2 63.250
10 50 57.000
10 49 48.750
10 47 93.375
10 45 34.250
10 41 11.750
10 40 62.625
10 36 5.000
10 35 24.375
10 34 27.125
10 32 83.125
10 31 49.500
10 30 31.750
10 28 20.000
10 25 25.500
10 23 21.625
10 22 8.500
10 20 7.625
10 17 23.875
10 13 44.000
10 12 21.125
10 11 6.250
10 8 11.625
10 7 96.250
10 4 72.500
10 2 72.125
11 46 99.250
11 40 10.375
11 35 94.500
11 33 67.625
11 32 33.750
11 31 4.375
11 29 91.000
11 27 32.625
11 25 10.375
11 22 86.625
11 19 64.875
11 17 37.875
11 14 26.750
11 13 45.250
11 7 46.625
11 5 98.125
11 3 73.625
11 2 95.000
11 1 35.875
12 50 60.125
12 48 69.000
12 46 26.250
12 45 98.000
12 40 1.000
12 39 45.500
12 38 0.750
12 34 77.125
12 31 27.000
12 28 91.000
12 27 40.375
12 26 36.250
12 25 74.875
12 24 25.375
12 23 58.500
12 19 99.750
12 18 78.875
12 9 10.000
12 7 51.875
12 5 72.750
12 4 67.750
12 3 86.500
12 2 38.625
13 50 82.250
13 44 34.500
13 43 77.125
13 38 31.625
13 36 2.750
13 34 24.375
13 32 56.125
13 31 21.625
13 30 72.000
13 29 88.125
13 28 0.875
13 27 34.750
13 26 17.625
13 24 87.875
13 22 35.250
13 21 65.875
13 20 28.750
13 19 33.375
13 16 68.250
13 12 58.750
13 9 50.875
13 7 5.375
13 4 29.750
13 3 98.125
13 2 13.875
13 1 81.375
14 50 99.000
14 45 31.750
14 41 42.875
14 40 64.625
14 38 20.000
14 36 5.500
14 35 22.875
14 34 58.875
14 32 90.500
14 30 0.875
14 29 96.750
14 28 40.125
14 23 13.625
14 19 44.500
14 18 19.375
14 17 83.875
14 16 79.875
14 11 0.375
14 10 89.625
14 9 4.125
14 3 4.250
14 1 82.625
15 50 84.125
15 49 73.750
15 46 63.375
15 44 92.000
15 42 97.125
15 39 52.750
15 37 68.500
15 35 16.000
15 33 10.250
15 29 24.750
15 25 74.375
15 23 85.500
15 22 94.750
15 21 1.750
15 19 4.500
15 18 84.250
15 14 45.000
15 13 5.750
15 12 42.000
15 9 22.500
15 7 74.500
15 5 51.625
15 3 76.500
16 49 48.750
16 47 51.750
16 46 80.375
16 45 72.625
16 44 34.875
16 43 7.500
16 42 37.375
16 41 75.125
16 40 20.250
16 36 60.750
16 35 85.500
16 34 54.625
16 32 27.625
16 31 96.875
16 30 76.000
16 29 19.625
16 27 67.250
16 24 86.750
16 23 36.875
16 22 20.750
16 21 68.375
16 18 85.000
16 14 46.875
16 13 73.625
16 12 16.375
16 11 91.375
16 9 94.125
16 8 28.125
16 7 99.375
16 5 30.875
16 4 17.500
16 3 32.000
16 1 82.750
17 48 49.250
17 46 43.875
17 45 43.250
17 42 5.125
17 41 41.625
17 40 7.000
17 39 19.875
17 38 95.500
17 37 30.875
17 36 36.875
17 35 79.875
17 33 40.875
17 30 5.625
17 28 81.125
17 27 15.250
17 24 24.625
17 18 69.625
17 16 3.875
17 14 11.625
17 12 39.000
17 10 33.625
17 8 96.125
17 7 42.000
17 6 4.125
17 5 17.250
17 3 56.500
17 1 29.125
18 50 46.625
18 47 30.125
18 46 7.500
18 43 17.000
18 42 33.000
18 41 21.625
18 40 20.375
18 39 25.375
18 36 78.875
18 30 82.625
18 29 4.500
18 28 57.375
18 27 2.875
18 26 59.375
18 25 63.125
18 23 78.125
18 21 97.000
18 20 7.250
18 16 42.625
18 15 72.125
18 14 43.875
18 12 38.750
18 11 91.250
18 7 75.250
18 2 25.250
18 1 81.000
19 50 64.500
19 48 1.875
19 47 70.625
19 45 95.125
19 44 39.500
19 42 60.500
19 39 58.000
19 37 58.125
19 34 59.000
19 32 20.125
19 30 2.875
19 24 54.500
19 22 11.125
19 21 51.500
19 20 32.125
19 18 50.250
19 16 1.875
19 13 34.250
19 12 38.875
19 9 57.750
19 6 13.750
19 3 19.750
19 2 28.000
20 50 4.750
20 47 57.125
20 45 63.500
20 42 98.500
20 41 17.875
20 40 75.000
20 32 17.625
20 30 6.750
20 29 37.625
20 26 84.750
20 25 93.500
20 23 36.250
20 19 33.500
20 17 52.500
20 15 81.750
20 14 29.500
20 11 47.125
20 10 29.250
20 8 1.000
20 3 6.625
20 2 4.000
20 1 27.000
21 49 3.500
21 48 47.375
21 47 92.500
21 46 53.250
21 45 38.250
21 43 40.250
21 40 77.375
21 39 62.625
21 36 51.750
21 35 35.625
21 33 57.000
21 32 50.500
21 27 67.625
21 22 39.375
21 20 22.875
21 17 1.625
21 16 32.250
21 15 76.625
21 12 78.625
21 11 85.875
21 9 67.875
21 8 96.500
21 7 2.625
21 5 72.000
21 4 90.375
21 3 75.000
22 49 58.000
22 47 67.875
22 45 12.125
22 44 67.000
22 43 53.625
22 42 88.625
22 41 76.500
22 40 61.375
22 38 9.375
22 36 19.750
22 33 28.500
22 32 64.750
22 31 72.750
22 30 46.625
22 28 51.375
22 25 65.250
22 23 25.125
22 21 0.875
22 17 41.000
22 16 76.875
22 15 42.125
22 14 94.250
22 13 2.500
22 12 74.625
22 9 95.250
22 7 17.875
22 6 54.250
22 5 40.125
22 4 90.250
22 1 54.000
23 50 72.500
23 48 55.125
23 46 43.750
23 45 19.750
23 40 20.875
23 39 73.875
23 38 93.250
23 37 93.500
23 36 91.375
23 35 44.750
23 33 11.500
23 32 5.750
23 30 53.250
23 29 11.375
23 28 55.625
23 27 83.625
23 26 79.500
23 19 23.125
23 18 29.750
23 17 90.500
23 14 33.250
23 13 64.500
23 12 72.875
23 11 7.375
23 9 53.750
23 8 90.375
23 7 27.500
23 6 29.875
23 5 6.375
23 4 24.250
23 3 0.500
23 1 22.750
24 49 38.000
24 48 56.875
24 47 77.500
24 46 67.375
24 44 19.875
24 43 4.125
24 42 37.250
24 38 39.500
24 37 13.750
24 36 60.625
24 34 26.375
24 33 81.500
24 31 46.375
24 30 44.000
24 28 42.875
24 27 47.375
24 26 31.250
24 22 6.000
24 21 59.500
24 20 23.500
24 19 70.750
24 16 34.125
24 13 77.500
24 12 30.000
24 10 41.125
24 7 94.000
24 4 58.250
24 2 13.375
24 1 27.125
25 50 7.625
25 49 19.375
25 47 7.875
25 46 97.500
25 44 34.875
25 41 32.375
25 40 82.750
25 38 65.375
25 36 36.625
25 33 83.125
25 30 85.500
25 29 7.500
25 28 9.625
25 24 62.500
25 23 5.375
25 20 74.375
25 19 95.750
25 18 5.375
25 17 28.750
25 11 29.250
25 10 58.000
25 9 74.000
25 6 72.625
26 50 52.375
26 47 43.625
26 46 94.625
26 44 63.875
26 42 77.500
26 41 56.750
26 40 39.125
26 37 52.125
26 35 15.125
26 34 23.375
26 30 62.500
26 28 72.375
26 27 29.000
26 24 5.750
26 23 86.375
26 22 18.000
26 21 59.125
26 19 54.125
26 18 78.000
26 17 36.875
26 16 26.750
26 10 11.125
26 9 28.625
26 6 23.125
26 4 95.375
26 3 42.875
26 1 59.625
27 49 32.375
27 46 78.875
27 44 86.875
27 43 53.375
27 42 65.125
27 40 3.000
27 37 6.250
27 36 6.500
27 34 44.750
27 33 89.375
27 29 90.375
27 26 91.500
27 25 91.875
27 24 34.750
27 23 13.500
27 22 55.125
27 21 28.125
27 20 20.000
27 17 29.125
27 16 61.625
27 9 23.250
27 8 98.750
27 6 46.500
27 4 31.375
28 48 74.500
28 45 79.750
28 44 99.000
28 43 75.250
28 40 98.625
28 39 10.125
28 38 84.875
28 36 73.125
28 33 62.125
28 32 72.250
28 29 12.750
28 26 93.750
28 24 52.000
28 23 19.375
28 22 48.750
28 20 16.375
28 15 4.375
28 14 33.000
28 11 24.000
28 8 1.750
28 4 41.625
28 3 30.500
29 50 27.125
29 48 33.375
29 45 46.625
29 44 39.500
29 43 86.000
29 40 41.750
29 38 68.250
29 37 97.250
29 34 21.125
29 31 50.125
29 27 55.375
29 26 56.375
29 25 22.625
29 24 93.375
29 23 23.000
29 20 57.250
29 19 73.500
29 15 71.875
29 14 34.625
29 13 53.875
29 10 56.375
29 6 99.750
29 3 14.250
29 2 24.375
30 50 62.375
30 47 89.500
30 40 18.750
30 37 20.000
30 36 37.750
30 35 12.375
30 34 96.250
30 33 69.500
30 31 49.250
30 27 26.250
30 26 29.250
30 24 32.625
30 23 22.125
30 22 68.625
30 20 89.500
30 19 49.750
30 17 22.500
30 16 78.125
30 15 66.750
30 13 20.125
30 9 56.000
30 8 50.875
30 7 96.500
30 5 22.750
30 4 95.375
30 3 79.125
30 2 77.375
31 49 89.375
31 47 23.000
31 46 2.125
31 45 37.375
31 44 59.125
31 42 90.750
31 38 89.000
31 36 23.500
31 35 14.750
31 30 86.125
31 29 47.375
31 28 66.375
31 27 38.125
31 26 98.625
31 21 33.000
31 20 54.375
31 18 91.875
31 17 65.375
31 14 94.875
31 13 88.625
31 11 76.625
31 10 67.875
31 6 21.500
31 4 85.125
31 2 15.625
31 1 10.125
32 49 55.000
32 48 43.250
32 47 11.375
32 45 93.750
32 44 10.250
32 40 26.250
32 39 0.375
32 38 49.125
32 35 63.000
32 31 82.000
32 22 71.250
32 18 15.250
32 17 64.875
32 15 41.750
32 13 37.250
32 12 81.250
32 11 66.750
32 7 50.750
32 4 13.250
32 3 17.750
32 2 63.125
32 1 23.625
33 50 29.000
33 49 36.000
33 48 26.500
33 43 34.000
33 42 28.750
33 38 87.875
33 37 71.000
33 34 52.125
33 30 67.625
33 29 12.875
33 27 5.750
33 25 11.625
33 24 4.000
33 23 79.875
33 16 25.875
33 15 82.000
33 14 70.875
33 13 27.250
33 9 37.375
33 8 7.125
33 7 31.000
33 5 19.125
34 46 48.250
34 45 72.875
34 41 13.375
34 39 63.250
34 38 25.250
34 36 31.750
34 35 15.750
34 29 48.500
34 27 52.125
34 15 85.750
34 13 34.250
34 9 93.250
34 8 71.375
34 6 74.375
34 5 96.250
34 4 18.000
34 3 69.875
34 2 34.125
34 1 45.250
35 50 67.625
35 47 44.750
35 45 83.500
35 44 4.500
35 41 91.000
35 39 32.250
35 38 87.875
35 36 23.875
35 34 38.625
35 33 64.250
35 25 82.375
35 21 43.125
35 19 19.750
35 18 58.750
35 17 16.000
35 16 44.625
35 15 59.375
35 14 64.375
35 12 50.875
35 10 87.625
35 9 81.125
35 3 61.000
35 1 23.250
36 44 0.750
36 43 84.125
36 41 78.625
36 39 16.500
36 38 32.375
36 34 17.500
36 32 74.125
36 31 49.625
36 30 94.250
36 29 71.875
36 27 81.750
36 24 88.875
36 23 97.250
36 22 82.750
36 21 62.125
36 17 2.000
36 16 34.125
36 15 43.250
36 14 63.875
36 12 15.375
36 10 10.000
36 9 15.500
36 7 83.250
36 6 98.250
36 4 74.250
36 2 14.750
36 1 47.250
37 48 50.750
37 46 45.250
37 44 92.125
37 43 93.875
37 42 62.500
37 40 6.750
37 39 74.375
37 38 39.625
37 35 31.000
37 34 4.500
37 33 57.625
37 32 44.125
37 30 71.375
37 28 15.250
37 27 53.000
37 22 22.625
37 21 86.625
37 20 45.250
37 18 6.750
37 10 25.250
37 9 54.125
37 8 56.125
37 7 52.250
37 6 16.875
37 5 5.375
37 4 8.375
37 1 10.375
38 48 39.000
38 46 45.750
38 43 7.000
38 41 11.875
38 37 55.750
38 35 49.125
38 34 31.375
38 31 3.750
38 25 74.500
38 24 96.625
38 20 95.750
38 19 35.000
38 15 96.000
38 13 46.500
38 12 46.375
38 11 32.625
38 10 77.250
38 8 15.750
38 3 56.375
39 49 68.500
39 48 13.500
39 46 33.375
39 45 56.000
39 44 19.000
39 43 29.125
39 41 64.875
39 40 87.625
39 38 55.250
39 37 49.250
39 31 29.375
39 29 26.750
39 27 80.125
39 26 73.625
39 23 21.500
39 21 64.250
39 20 6.000
39 17 44.000
39 16 21.125
39 14 12.125
39 9 30.500
39 8 46.625
39 3 61.000
39 2 63.375
39 1 79.125
40 49 2.875
40 47 73.875
40 46 34.250
40 44 42.000
40 43 8.875
40 39 26.500
40 38 86.250
40 28 69.000
40 27 99.375
40 26 28.875
40 24 64.500
40 23 92.125
40 22 63.625
40 20 52.000
40 17 82.375
40 15 68.875
40 13 35.375
40 12 39.125
40 10 45.875
40 9 97.000
40 8 90.500
40 6 97.250
40 5 43.750
40 2 11.625
40 1 57.000
41 50 11.750
41 48 40.750
41 47 34.375
41 45 93.625
41 44 79.750
41 43 4.000
41 42 66.750
41 39 53.000
41 36 49.375
41 34 1.875
41 33 43.375
41 32 53.875
41 30 71.000
41 24 52.625
41 23 68.125
41 21 80.750
41 19 33.125
41 18 29.750
41 16 26.875
41 14 52.875
41 13 24.875
41 11 82.750
41 10 81.875
41 9 42.500
41 8 6.750
41 7 38.625
41 5 77.250
41 4 5.875
41 2 30.000
42 48 14.500
42 46 84.625
42 44 77.750
42 43 7.250
42 41 35.500
42 36 5.000
42 35 11.500
42 34 22.500
42 32 71.250
42 30 43.375
42 24 49.000
42 23 30.625
42 21 82.750
42 18 30.500
42 14 54.250
42 10 65.125
42 8 69.500
42 5 19.500
42 2 86.375
42 1 79.625
43 48 1.000
43 47 39.125
43 45 71.500
43 44 50.375
43 41 40.750
43 40 92.750
43 36 90.625
43 34 87.125
43 28 63.125
43 23 67.500
43 22 66.375
43 20 9.500
43 19 94.875
43 16 65.750
43 14 26.125
43 13 7.375
43 12 25.625
43 10 74.875
43 9 92.375
43 6 80.000
43 5 9.125
43 3 86.625
43 2 56.250
43 1 10.250
44 49 19.500
44 48 26.875
44 47 41.625
44 46 21.625
44 38 80.750
44 34 82.125
44 32 33.375
44 31 77.625
44 29 24.000
44 28 75.500
44 27 49.125
44 24 12.750
44 22 19.000
44 21 79.625
44 19 14.625
44 13 48.750
44 11 50.750
44 10 53.500
44 9 60.750
44 8 70.250
44 7 93.000
44 6 43.375
44 5 87.250
44 4 15.000
44 2 53.500
45 46 10.375
45 43 32.750
45 41 15.875
45 40 12.250
45 39 40.125
45 37 7.875
45 34 99.250
45 33 52.625
45 30 82.625
45 28 48.625
45 27 91.375
45 26 82.750
45 25 48.125
45 24 16.875
45 23 96.000
45 18 12.375
45 17 12.750
45 15 42.375
45 13 20.750
45 11 60.500
45 10 78.875
45 8 98.125
45 7 37.250
45 5 55.125
45 3 21.625
45 2 3.250
46 50 33.125
46 49 75.875
46 47 55.000
46 45 87.750
46 42 58.000
46 40 13.875
46 38 5.250
46 33 1.375
46 28 56.500
46 25 20.750
46 24 64.750
46 22 95.125
46 18 30.250
46 15 17.375
46 14 87.000
46 12 71.125
46 11 35.375
46 8 44.250
46 5 57.875
46 3 5.125
46 1 73.250
47 50 6.250
47 49 78.625
47 44 31.750
47 42 23.875
47 41 34.875
47 39 63.250
47 37 46.500
47 36 77.125
47 35 5.750
47 34 44.000
47 33 56.875
47 28 86.750
47 27 49.250
47 24 7.875
47 23 9.125
47 21 71.500
47 19 16.625
47 18 13.500
47 17 49.875
47 16 19.000
47 15 82.500
47 12 16.875
47 9 32.625
47 7 18.375
47 6 49.625
47 3 37.500
47 2 63.625
47 1 70.250
48 50 30.875
48 45 65.000
48 44 9.250
48 43 7.500
48 41 67.500
48 40 27.250
48 38 18.500
48 36 50.250
48 33 14.375
48 32 89.250
48 29 27.500
48 27 91.000
48 25 18.000
48 23 91.500
48 19 50.500
48 18 21.125
48 17 68.125
48 16 30.500
48 15 90.500
48 11 99.125
48 10 48.125
48 9 36.375
48 8 70.625
48 7 75.125
48 6 26.375
48 5 2.875
48 3 63.375
48 1 6.375
49 46 88.500
49 45 53.250
49 43 49.500
49 42 81.625
49 40 63.750
49 39 41.750
49 36 51.750
49 35 28.625
49 31 84.750
49 30 62.500
49 29 9.875
49 27 14.875
49 24 0.750
49 23 46.000
49 22 17.750
49 20 34.000
49 17 5.125
49 14 94.000
49 13 30.625
49 11 63.125
49 8 95.000
49 7 2.000
49 6 14.125
49 3 82.500
50 48 95.000
50 47 35.750
50 45 63.500
50 43 15.500
50 42 62.000
50 40 73.500
50 39 35.125
50 37 23.500
50 34 45.375
50 33 81.500
50 32 37.625
50 30 91.250
50 26 66.250
50 25 48.000
50 24 62.750
50 23 98.125
50 22 11.125
50 20 7.375
50 19 31.625
50 18 10.625
50 17 8.625
50 15 20.000
50 14 32.000
50 12 82.500
50 11 87.875
50 10 48.250
50 9 13.375
50 6 74.375
50 4 45.625
50 3 85.625
50 1 0.875
