dl
format=edgelist1
n=50
data:
1 50 13.125
1 48 72.000
1 43 71.250
1 40 23.750
1 38 92.250
1 37 49.000
1 35 35.875
1 33 17.000
1 31 23.000
1 29 91.000
1 28 28.625
1 27 32.875
1 23 76.125
1 21 93.000
1 20 31.500
1 19 25.000
1 18 74.750
1 16 25.125
1 15 36.125
1 13 20.625
1 12 32.000
1 9 8.125
1 8 27.625
1 5 98.625
1 4 83.125
1 2 23.000
2 50 21.125
2 46 41.875
2 43 96.125
2 42 31.000
2 38 78.625
2 34 58.000
2 30 22.750
2 29 5.875
2 28 10.375
2 27 42.125
2 26 79.625
2 25 72.375
2 24 69.500
2 17 20.750
2 16 40.125
2 15 47.875
2 13 47.875
2 11 24.125
2 10 39.500
2 8 47.250
2 7 4.250
2 6 46.750
2 4 85.875
2 3 13.125
3 50 87.250
3 49 67.000
3 46 92.500
3 45 52.125
3 44 58.875
3 42 72.875
3 41 13.250
3 39 5.625
3 38 37.500
3 37 47.750
3 35 48.000
3 34 51.750
3 31 90.000
3 27 77.125
3 26 43.250
3 24 85.875
3 21 83.000
3 20 37.500
3 19 2.500
3 17 60.500
3 15 90.875
3 12 54.375
3 11 54.125
3 10 61.500
3 5 57.250
3 4 65.500
4 49 56.875
4 47 3.750
4 45 78.250
4 41 73.625
4 40 2.375
4 37 48.625
4 36 16.875
4 35 25.500
4 32 75.500
4 31 38.000
4 30 37.875
4 29 53.000
4 26 47.250
4 22 13.875
4 20 26.625
4 18 29.375
4 16 36.875
4 14 11.875
4 13 65.250
4 11 98.125
4 10 4.125
4 6 53.375
4 3 10.625
5 50 4.750
5 49 89.125
5 48 4.125
5 47 88.250
5 46 18.000
5 45 65.750
5 44 47.500
5 42 36.125
5 39 49.875
5 38 30.750
5 37 8.000
5 36 32.875
5 32 97.625
5 30 68.750
5 28 2.250
5 27 39.375
5 22 59.250
5 14 2.000
5 13 39.625
5 12 34.875
5 11 42.625
5 9 73.375
5 6 59.375
5 2 27.125
6 44 34.750
6 43 93.250
6 42 35.250
6 37 67.625
6 35 46.125
6 33 12.875
6 32 6.125
6 31 10.625
6 29 75.125
6 28 63.875
6 27 42.375
6 19 6.875
6 17 95.375
6 16 21.500
6 14 33.125
6 13 84.875
6 12 20.000
6 11 12.500
6 7 29.000
6 5 60.375
6 4 64.000
6 3 75.625
6 2 92.500
7 49 46.750
7 48 64.625
7 43 47.125
7 41 59.250
7 37 71.375
7 36 12.875
7 34 65.000
7 29 68.250
7 28 57.625
7 24 62.750
7 22 88.750
7 21 87.750
7 18 19.625
7 17 77.750
7 15 83.125
7 14 86.375
7 12 72.250
7 11 83.500
7 10 27.625
7 9 87.750
7 6 20.125
7 5 41.375
7 4 0.000
7 3 61.000
7 2 43.875
7 1 58.500
8 50 11.000
8 49 36.625
8 48 71.750
8 46 42.625
8 45 46.125
8 43 77.375
8 41 26.125
8 39 21.875
8 38 57.875
8 37 27.375
8 35 17.500
8 32 53.000
8 31 71.250
8 27 30.125
8 24 68.750
8 21 44.750
8 19 72.250
8 18 40.250
8 17 52.750
8 14 26.875
8 12 42.500
8 11 30.750
8 6 5.250
8 1 17.625
9 49 65.875
9 43 61.375
9 42 20.875
9 41 48.375
9 35 85.125
9 34 92.875
9 28 50.625
9 27 76.625
9 26 95.125
9 25 37.000
9 22 1.375
9 20 7.250
9 19 60.625
9 18 96.625
9 17 92.750
9 11 5.375
9 8 9.500
9 6 51.500
9 5 43.000
10 50 22.750
10 49 15.000
10 48 12.375
10 45 98.125
10 44 14.750
10 43 78.625
10 40 98.375
10 25 72.625
10 24 34.375
10 23 23.875
10 19 56.875
10 16 74.250
10 15 98.750
10 14 82.000
10 13 31.125
10 11 17.500
10 9 13.750
10 7 46.500
10 5 53.500
10 4 68.875
11 50 69.000
11 44 48.625
11 43 71.875
11 41 86.500
11 40 13.000
11 36 86.750
11 33 92.625
11 29 51.375
11 28 59.250
11 26 4.375
11 23 64.125
11 22 43.625
11 21 48.750
11 18 63.500
11 16 28.625
11 15 72.875
11 13 74.625
11 8 53.250
11 7 36.625
11 6 78.375
11 5 55.125
11 4 26.875
11 2 58.875
11 1 12.125
12 49 10.375
12 45 99.000
12 37 43.875
12 33 94.250
12 27 84.625
12 24 29.000
12 23 23.250
12 18 70.375
12 17 24.000
12 14 34.875
12 13 34.250
12 11 81.125
12 8 60.250
12 6 73.500
12 5 92.500
12 4 59.250
13 50 2.875
13 48 59.625
13 47 34.875
13 46 69.000
13 45 69.750
13 44 5.000
13 42 29.375
13 39 82.625
13 36 48.000
13 34 25.000
13 29 43.125
13 28 0.250
13 27 34.750
13 26 54.625
13 21 54.500
13 20 53.000
13 19 66.375
13 15 17.500
13 14 73.875
13 5 87.375
14 50 74.125
14 49 72.375
14 45 32.625
14 44 34.750
14 40 36.250
14 38 86.500
14 36 39.750
14 34 52.625
14 32 90.000
14 30 97.000
14 29 39.500
14 27 87.625
14 25 12.000
14 20 0.625
14 19 49.625
14 17 46.750
14 16 12.500
14 13 77.625
14 12 43.625
14 11 92.875
14 10 81.250
14 9 97.625
14 8 25.000
14 7 75.500
14 6 21.750
14 4 73.750
14 1 58.125
15 47 33.750
15 46 59.625
15 45 19.750
15 44 35.250
15 41 49.875
15 34 62.500
15 31 54.125
15 30 6.625
15 28 81.375
15 22 47.875
15 21 97.875
15 19 56.875
15 16 44.000
15 14 82.875
15 13 73.000
15 12 62.375
15 7 25.250
15 6 18.000
15 5 87.500
15 4 90.250
15 3 25.500
15 1 35.500
16 49 21.000
16 47 87.500
16 44 81.750
16 43 18.375
16 41 60.250
16 40 5.125
16 38 87.500
16 37 60.750
16 36 63.500
16 35 9.125
16 34 28.750
16 32 89.875
16 31 58.375
16 30 6.875
16 29 80.875
16 27 88.125
16 26 4.250
16 25 58.375
16 23 63.125
16 22 5.000
16 15 74.250
16 13 38.875
16 9 52.375
16 7 23.625
16 6 91.750
16 4 49.375
16 2 95.125
17 49 72.250
17 48 41.125
17 47 56.875
17 42 89.500
17 41 47.500
17 37 50.875
17 35 23.500
17 33 78.000
17 32 3.750
17 30 44.875
17 27 46.500
17 25 3.500
17 21 5.750
17 20 97.125
17 14 27.250
17 13 37.500
17 12 65.250
17 10 63.750
17 8 58.625
17 7 3.750
17 4 46.625
17 2 37.375
17 1 10.875
18 48 79.750
18 46 66.500
18 43 29.125
18 42 77.500
18 41 36.750
18 40 95.000
18 38 71.000
18 36 64.250
18 34 29.750
18 32 49.375
18 29 49.125
18 27 3.000
18 25 93.625
18 24 19.625
18 23 2.625
18 19 24.000
18 17 2.125
18 16 49.500
18 15 34.375
18 14 43.500
18 13 88.875
18 12 44.750
18 11 29.500
18 10 46.000
18 9 43.875
18 8 13.000
18 6 62.125
18 5 44.000
18 3 21.000
18 1 17.250
19 39 97.000
19 37 53.250
19 36 91.500
19 35 45.500
19 34 14.375
19 33 57.250
19 30 85.750
19 28 47.750
19 26 82.250
19 25 34.750
19 24 41.250
19 23 3.625
19 22 47.500
19 18 90.750
19 17 12.250
19 16 79.500
19 15 76.000
19 14 63.250
19 13 15.625
19 12 32.250
19 11 93.875
19 10 65.375
19 8 47.250
19 6 31.250
19 1 12.625
20 50 63.625
20 49 55.000
20 48 30.250
20 47 69.750
20 45 54.875
20 44 73.875
20 37 94.500
20 35 2.750
20 33 27.125
20 32 2.375
20 29 22.125
20 26 27.125
20 24 56.500
20 22 45.250
20 19 30.000
20 18 77.000
20 16 69.875
20 15 86.250
20 14 75.625
20 10 69.750
20 9 73.875
20 7 16.125
20 6 56.625
20 5 62.375
20 3 5.125
20 2 15.125
20 1 54.875
21 49 47.250
21 48 41.250
21 45 75.500
21 44 9.000
21 41 64.000
21 39 81.625
21 36 1.250
21 32 36.000
21 29 14.125
21 28 59.375
21 23 21.000
21 19 23.875
21 18 78.250
21 17 36.750
21 15 33.625
21 14 57.625
21 11 85.625
21 7 51.625
21 3 27.375
21 1 90.875
22 50 9.875
22 48 45.000
22 47 78.000
22 44 82.250
22 43 88.750
22 41 76.125
22 37 40.375
22 36 15.875
22 34 51.750
22 33 39.875
22 31 99.375
22 29 93.875
22 28 5.375
22 27 70.750
22 24 45.375
22 23 12.625
22 21 90.750
22 20 3.125
22 13 12.125
22 7 61.625
22 6 4.250
22 3 52.250
23 50 48.375
23 48 77.000
23 45 48.500
23 43 64.750
23 42 42.375
23 39 74.625
23 38 77.000
23 36 18.625
23 35 53.000
23 32 57.875
23 29 71.250
23 28 78.500
23 26 59.500
23 25 83.750
23 24 22.250
23 21 45.125
23 18 88.000
23 17 58.375
23 16 83.125
23 14 86.750
23 13 93.250
23 11 11.000
23 10 95.125
23 8 19.000
23 7 25.500
23 6 92.875
23 4 77.000
23 3 29.500
23 1 89.625
24 46 49.375
24 44 7.000
24 42 41.125
24 39 14.375
24 37 35.750
24 35 35.250
24 33 34.250
24 32 37.250
24 31 85.000
24 29 32.750
24 27 77.750
24 25 99.875
24 21 95.500
24 19 64.750
24 18 78.625
24 17 13.750
24 16 39.250
24 15 0.875
24 10 95.375
24 9 76.250
24 7 1.625
24 5 14.875
24 4 59.125
24 3 23.500
24 1 57.250
25 49 52.375
25 48 81.000
25 47 97.750
25 46 31.625
25 43 51.750
25 41 31.750
25 37 52.875
25 36 55.000
25 35 9.375
25 34 3.625
25 33 45.250
25 32 78.750
25 29 40.250
25 28 73.875
25 26 95.625
25 23 95.500
25 22 22.875
25 21 95.875
25 20 52.875
25 19 84.250
25 18 17.125
25 16 43.625
25 15 6.875
25 13 21.000
25 12 81.875
25 11 72.750
25 10 61.250
25 9 68.750
25 8 0.000
25 3 81.500
26 50 54.500
26 49 68.250
26 47 85.000
26 46 70.875
26 44 81.750
26 42 52.875
26 41 18.625
26 34 70.250
26 32 88.125
26 30 12.375
26 25 7.000
26 20 78.750
26 19 15.875
26 17 34.875
26 15 53.750
26 14 52.625
26 12 0.750
26 11 12.500
26 10 75.750
26 8 36.250
26 6 81.125
27 50 0.125
27 49 31.000
27 48 80.000
27 47 23.000
27 37 98.375
27 34 12.250
27 33 11.375
27 32 82.750
27 25 74.375
27 22 4.250
27 20 99.000
27 19 35.875
27 18 33.125
27 14 86.625
27 13 17.375
27 11 64.500
27 7 13.375
27 4 16.875
27 1 54.250
28 50 56.375
28 49 88.000
28 48 36.750
28 47 57.250
28 45 65.625
28 43 97.250
28 41 70.625
28 40 14.875
28 37 6.500
28 34 6.500
28 32 17.625
28 31 49.000
28 30 89.500
28 25 91.625
28 24 99.250
28 23 35.250
28 22 26.500
28 15 42.375
28 12 73.750
28 11 28.000
28 10 44.750
28 8 46.375
28 7 10.750
28 4 23.250
29 47 0.000
29 46 49.625
29 44 52.125
29 43 99.250
29 38 6.250
29 32 26.250
29 30 72.250
29 27 89.250
29 26 74.125
29 25 20.375
29 23 97.375
29 20 64.500
29 19 24.375
29 17 98.000
29 15 61.250
29 12 73.125
29 10 20.750
29 9 83.000
29 8 93.750
29 7 72.250
29 5 22.875
29 4 80.500
29 1 57.000
30 47 97.625
30 45 28.500
30 43 3.125
30 38 1.250
30 37 31.625
30 36 32.750
30 35 52.250
30 32 59.375
30 29 4.000
30 28 97.500
30 25 69.125
30 24 19.625
30 23 89.750
30 21 47.375
30 20 19.375
30 17 72.875
30 16 99.625
30 14 47.375
30 12 76.750
30 8 90.500
30 7 17.875
30 4 74.750
30 2 42.250
31 45 84.750
31 42 46.250
31 41 20.250
31 39 17.250
31 38 7.625
31 37 3.625
31 36 35.250
31 33 84.000
31 32 8.875
31 30 46.375
31 28 32.125
31 19 54.625
31 14 36.625
31 13 72.875
31 12 73.500
31 11 23.625
31 9 45.875
31 6 99.375
31 4 47.000
31 3 58.875
31 2 88.875
32 50 27.000
32 49 42.500
32 47 78.375
32 46 36.750
32 42 56.375
32 41 10.250
32 40 16.250
32 38 89.500
32 37 74.500
32 36 66.750
32 33 75.375
32 31 26.500
32 30 3.750
32 29 64.000
32 28 5.125
32 25 18.625
32 23 16.625
32 22 46.875
32 21 99.250
32 19 18.750
32 18 48.750
32 17 17.625
32 16 44.500
32 14 59.625
32 13 60.750
32 11 60.500
32 10 91.625
32 7 7.125
32 5 36.125
32 4 64.500
32 2 80.500
32 1 96.000
33 44 76.750
33 43 61.250
33 41 30.750
33 38 12.750
33 37 45.500
33 36 4.500
33 35 0.625
33 34 88.500
33 32 47.750
33 28 51.875
33 27 40.125
33 24 21.125
33 21 96.125
33 20 96.375
33 18 88.750
33 16 46.875
33 13 71.000
33 8 33.625
33 7 84.125
33 5 94.625
33 4 53.750
33 3 90.625
33 2 31.250
34 49 45.250
34 48 87.500
34 44 50.875
34 43 11.125
34 42 55.250
34 40 82.750
34 39 16.000
34 38 48.875
34 33 5.125
34 32 13.875
34 30 54.125
34 25 77.750
34 23 49.000
34 19 72.375
34 18 94.625
34 15 44.000
34 14 57.375
34 10 0.625
34 8 66.250
34 7 76.750
34 6 29.375
34 4 28.625
34 3 33.375
34 2 6.000
35 50 40.625
35 49 76.625
35 47 41.125
35 46 4.500
35 45 50.500
35 44 90.125
35 43 51.750
35 42 74.250
35 41 8.750
35 40 11.750
35 39 87.375
35 38 73.125
35 37 35.625
35 36 75.875
35 33 30.250
35 32 15.000
35 31 92.875
35 30 77.000
35 29 44.250
35 28 87.125
35 25 88.750
35 23 51.000
35 21 37.625
35 20 78.125
35 16 52.875
35 15 55.000
35 13 94.625
35 12 58.375
35 11 46.375
35 10 22.250
35 9 20.250
35 3 93.125
35 2 69.875
35 1 99.375
36 48 62.500
36 47 3.750
36 46 82.375
36 42 11.125
36 37 6.250
36 35 23.750
36 33 43.875
36 32 54.750
36 30 66.500
36 29 24.375
36 28 51.500
36 26 58.500
36 22 97.750
36 21 90.125
36 20 15.375
36 17 84.375
36 15 79.875
36 12 18.500
36 11 67.750
36 7 79.625
36 5 92.125
36 1 0.500
37 49 5.250
37 44 56.125
37 43 55.125
37 42 4.500
37 41 56.125
37 40 38.750
37 38 80.625
37 35 37.625
37 33 57.250
37 31 66.500
37 30 36.750
37 29 94.500
37 28 14.125
37 25 19.375
37 24 20.000
37 21 39.875
37 20 23.750
37 19 68.875
37 18 42.875
37 15 35.375
37 12 15.875
37 11 9.875
37 10 70.500
37 9 49.375
37 7 41.000
37 6 43.000
37 5 10.375
37 3 85.750
37 1 79.500
38 48 15.125
38 44 69.875
38 40 36.500
38 37 90.125
38 36 1.625
38 35 97.625
38 33 95.000
38 24 6.250
38 23 99.625
38 21 88.125
38 18 63.500
38 17 46.375
38 16 68.625
38 15 77.125
38 14 55.125
38 13 6.375
38 12 47.375
38 11 26.000
38 10 2.750
38 9 29.875
38 8 59.750
38 3 94.750
38 1 42.000
39 45 52.375
39 44 84.125
39 43 81.125
39 38 53.250
39 36 54.375
39 35 88.000
39 34 37.375
39 33 11.875
39 32 30.750
39 31 37.125
39 30 51.625
39 29 10.375
39 26 23.500
39 23 88.750
39 22 60.625
39 21 85.750
39 20 98.875
39 18 11.625
39 14 49.125
39 10 75.375
39 8 5.000
39 6 3.375
39 5 29.000
39 3 33.875
39 2 53.375
39 1 58.125
40 48 54.625
40 43 42.875
40 41 77.625
40 38 83.250
40 36 97.875
40 35 44.875
40 32 31.375
40 28 67.625
40 27 41.000
40 26 22.375
40 24 49.500
40 23 58.625
40 18 98.750
40 17 85.250
40 15 32.750
40 11 38.875
40 10 47.875
40 9 70.000
40 8 55.000
40 6 66.875
40 2 8.000
40 1 9.750
41 50 46.000
41 48 78.625
41 39 58.500
41 36 19.500
41 34 55.000
41 32 39.250
41 23 34.250
41 22 57.750
41 21 79.375
41 20 90.375
41 18 24.750
41 17 78.500
41 16 11.000
41 12 15.625
41 11 41.500
41 9 58.250
41 7 60.250
41 5 95.125
41 4 10.750
41 3 28.625
42 47 31.500
42 46 18.125
42 45 41.125
42 44 53.750
42 41 5.750
42 39 95.375
42 37 23.875
42 34 27.000
42 32 85.875
42 31 4.625
42 29 23.875
42 27 91.375
42 26 46.875
42 25 42.375
42 24 72.625
42 22 12.750
42 21 86.750
42 20 71.375
42 19 21.875
42 16 13.250
42 15 85.125
42 13 68.875
42 12 90.625
42 10 10.625
42 3 59.750
42 1 26.125
43 50 7.250
43 46 20.875
43 42 17.625
43 35 30.875
43 34 84.250
43 32 57.000
43 31 20.125
43 29 73.750
43 27 57.250
43 26 26.750
43 23 29.750
43 22 10.500
43 20 77.000
43 12 27.125
43 11 63.125
43 10 50.625
43 8 55.125
43 7 90.875
43 4 78.000
43 3 26.375
43 1 75.250
44 46 60.000
44 45 80.625
44 42 61.375
44 41 1.500
44 39 10.000
44 38 11.000
44 35 35.750
44 31 18.000
44 30 86.750
44 29 88.375
44 28 34.000
44 26 4.750
44 24 19.250
44 23 27.250
44 21 91.500
44 18 26.875
44 17 5.000
44 16 2.750
44 13 78.875
44 12 9.500
44 11 88.500
44 7 66.125
44 6 85.500
44 5 99.625
44 3 35.625
44 1 22.250
45 49 66.500
45 48 20.125
45 46 77.125
45 43 79.125
45 40 85.250
45 38 58.125
45 37 78.000
45 34 27.875
45 33 99.000
45 31 16.125
45 30 82.625
45 29 69.750
45 28 63.875
45 27 92.500
45 26 98.000
45 24 59.250
45 22 71.375
45 21 75.125
45 20 7.750
45 16 11.625
45 14 82.750
45 10 50.500
45 9 26.875
45 8 30.375
45 4 46.000
45 3 87.875
46 50 48.500
46 49 2.625
46 44 82.000
46 43 32.000
46 40 45.000
46 38 57.500
46 34 1.875
46 33 26.250
46 32 5.500
46 30 1.375
46 29 41.500
46 28 23.500
46 24 11.750
46 23 11.500
46 21 0.250
46 20 87.375
46 18 20.875
46 13 44.625
46 12 67.000
46 11 63.375
46 9 52.250
46 8 60.500
46 4 10.125
46 3 63.625
46 1 49.125
47 49 39.750
47 46 61.750
47 45 34.625
47 43 51.875
47 41 23.500
47 40 41.125
47 39 96.875
47 37 91.500
47 35 88.875
47 34 4.500
47 33 50.500
47 32 41.750
47 31 32.375
47 30 77.875
47 26 82.750
47 25 83.625
47 24 82.375
47 22 49.375
47 19 29.375
47 15 42.625
47 13 4.375
47 10 85.000
47 8 16.000
47 7 30.125
47 5 54.375
47 3 28.125
47 2 50.000
48 50 5.375
48 47 71.750
48 43 68.625
48 40 50.750
48 38 36.625
48 36 84.250
48 32 39.125
48 30 0.625
48 27 50.500
48 25 61.625
48 24 93.125
48 23 56.750
48 19 96.375
48 18 26.250
48 17 52.250
48 16 14.000
48 13 23.625
48 12 38.375
48 10 15.000
48 6 23.375
48 2 53.625
49 48 86.250
49 46 13.250
49 41 57.500
49 40 61.375
49 34 94.750
49 33 63.875
49 32 66.750
49 29 12.125
49 25 73.000
49 24 16.625
49 19 34.500
49 17 18.875
49 13 85.500
49 12 4.375
49 10 40.250
49 8 25.000
49 7 79.500
49 6 81.875
50 49 61.625
50 48 30.750
50 46 22.125
50 43 61.125
50 40 65.250
50 28 37.375
50 25 55.750
50 23 8.500
50 18 15.500
50 16 7.625
50 13 57.375
50 12 72.125
50 11 59.750
50 10 99.875
50 8 57.250
50 6 11.125
50 4 47.250
50 3 10.000
50 2 71.625
