dl
format=edgelist1
n=50
data:
1 48 18.750
1 47 70.000
1 45 75.625
1 44 45.250
1 43 70.625
1 37 77.375
1 36 68.750
1 34 49.750
1 33 9.750
1 31 78.750
1 30 49.875
1 26 94.375
1 23 23.125
1 21 68.625
1 20 51.125
1 14 19.000
1 11 0.625
1 10 43.625
1 9 87.875
1 5 94.625
1 4 36.000
1 3 53.500
1 2 54.500
2 50 48.125
2 49 96.750
2 46 15.875
2 45 5.875
2 41 39.250
2 40 18.250
2 38 11.125
2 37 71.250
2 36 75.250
2 35 13.000
2 32 15.500
2 31 29.250
2 30 10.875
2 26 14.125
2 23 5.500
2 19 7.000
2 17 36.875
2 15 61.250
2 13 44.000
2 11 39.625
2 6 94.625
2 5 84.625
2 3 76.250
2 1 54.375
3 50 12.625
3 49 80.375
3 47 57.875
3 45 34.375
3 44 32.250
3 42 15.250
3 39 11.625
3 37 99.250
3 34 17.500
3 31 4.500
3 26 47.125
3 23 12.000
3 20 35.625
3 19 90.875
3 18 90.000
3 17 12.375
3 15 96.375
3 14 34.000
3 13 25.250
3 11 86.000
3 10 93.625
3 4 23.875
3 2 95.000
3 1 36.750
4 48 29.125
4 47 3.500
4 45 65.125
4 44 32.625
4 40 13.750
4 39 73.750
4 37 81.250
4 35 69.375
4 34 19.625
4 33 62.125
4 32 95.625
4 29 7.000
4 27 38.375
4 26 52.000
4 24 77.625
4 22 6.125
4 21 50.625
4 20 92.375
4 19 75.375
4 17 10.875
4 12 34.125
4 10 18.750
4 9 68.500
4 8 73.625
4 6 74.375
4 3 71.500
4 1 63.375
5 45 77.625
5 43 67.000
5 41 4.750
5 36 67.750
5 35 14.375
5 30 47.000
5 26 33.250
5 25 84.125
5 22 10.500
5 21 0.375
5 20 89.500
5 16 3.875
5 15 20.875
5 12 98.875
5 9 57.875
5 8 22.000
5 3 32.625
5 2 1.500
5 1 60.750
6 50 13.125
6 48 72.500
6 47 39.375
6 46 17.375
6 45 54.250
6 40 86.500
6 38 28.875
6 37 86.875
6 31 9.875
6 29 69.875
6 28 78.625
6 26 77.750
6 25 94.250
6 24 89.375
6 22 50.625
6 21 95.500
6 20 57.500
6 19 61.500
6 18 28.125
6 16 61.000
6 13 17.625
6 8 0.750
6 4 85.750
6 1 38.125
7 50 14.625
7 49 93.000
7 48 83.250
7 47 93.125
7 46 32.625
7 45 60.750
7 43 79.750
7 42 41.500
7 41 62.375
7 39 61.375
7 38 99.375
7 37 97.750
7 36 13.750
7 33 5.625
7 32 14.000
7 30 70.875
7 25 80.875
7 23 97.125
7 22 44.500
7 21 1.000
7 19 26.125
7 17 21.375
7 15 81.875
7 10 43.125
7 9 9.625
7 8 29.500
7 5 0.500
7 4 83.750
7 3 19.875
7 2 84.625
7 1 64.625
8 48 35.250
8 46 66.625
8 43 32.000
8 41 32.000
8 37 37.875
8 35 38.875
8 29 36.000
8 27 62.375
8 24 18.125
8 23 57.500
8 22 20.375
8 20 46.125
8 19 56.875
8 18 13.500
8 17 71.000
8 16 30.125
8 15 35.875
8 14 73.250
8 13 34.375
8 12 9.500
8 11 50.375
8 10 93.750
8 7 11.000
8 6 64.875
8 4 74.125
8 3 43.000
8 1 29.250
9 50 3.500
9 42 40.250
9 41 21.875
9 38 76.500
9 36 80.375
9 33 78.125
9 32 14.750
9 31 27.500
9 30 73.250
9 29 30.500
9 27 86.500
9 26 38.125
9 23 96.125
9 22 64.500
9 19 58.125
9 18 96.500
9 15 25.125
9 14 37.625
9 13 8.125
9 12 49.375
9 11 17.000
9 10 44.000
9 7 68.875
9 6 56.250
9 5 16.250
9 4 4.125
9 3 14.125
9 2 19.875
10 49 33.125
10 46 64.750
10 44 22.000
10 43 53.625
10 41 2.750
10 39 11.500
10 38 46.250
10 37 43.125
10 35 41.250
10 33 43.500
10 32 14.125
10 31 45.625
10 30 21.125
10 28 33.000
10 24 97.125
10 21 91.250
10 20 41.875
10 19 49.125
10 16 2.625
10 15 97.625
10 12 54.125
10 7 88.125
10 6 38.625
10 5 95.625
10 4 74.375
10 3 41.375
10 2 76.875
11 49 72.125
11 48 88.875
11 47 21.625
11 46 35.500
11 45 8.750
11 44 69.625
11 43 32.375
11 41 99.750
11 40 84.375
11 39 19.750
11 37 36.875
11 36 88.375
11 35 34.250
11 34 74.125
11 33 94.500
11 31 62.125
11 26 20.000
11 23 32.500
11 21 15.375
11 20 21.500
11 19 82.875
11 17 70.875
11 16 17.500
11 14 76.250
11 13 84.875
11 10 39.750
11 8 47.250
11 7 50.500
11 6 57.625
12 50 3.500
12 49 85.125
12 46 36.125
12 44 43.375
12 41 56.625
12 39 49.750
12 36 62.500
12 34 37.000
12 32 47.250
12 31 85.375
12 30 17.000
12 28 11.625
12 24 4.000
12 23 56.625
12 22 80.250
12 21 6.875
12 19 23.375
12 18 40.000
12 16 18.375
12 14 46.375
12 11 76.750
12 9 5.250
12 7 69.250
12 4 36.125
12 3 12.500
12 2 54.250
13 50 97.375
13 46 11.875
13 45 94.250
13 44 83.500
13 43 9.750
13 41 77.750
13 40 91.125
13 38 49.625
13 37 21.625
13 36 52.625
13 33 2.000
13 31 60.250
13 30 1.250
13 28 60.125
13 25 90.500
13 24 3.625
13 23 30.000
13 19 36.250
13 17 78.250
13 16 9.750
13 14 73.500
13 12 41.750
13 11 97.750
13 9 41.125
13 8 93.500
13 7 21.000
13 6 65.000
13 5 36.125
13 2 88.875
14 50 2.375
14 48 28.375
14 47 92.125
14 46 59.125
14 40 0.500
14 38 81.500
14 37 2.625
14 36 4.500
14 35 70.750
14 32 20.750
14 31 53.250
14 30 74.000
14 29 66.125
14 28 33.375
14 27 4.125
14 25 64.625
14 22 87.250
14 21 11.000
14 20 89.750
14 19 76.500
14 12 8.500
14 11 2.250
14 10 68.625
14 9 20.875
14 8 89.250
14 5 22.625
14 4 27.750
14 1 54.875
15 47 76.750
15 45 66.750
15 44 19.125
15 42 0.125
15 41 62.375
15 40 72.000
15 39 95.500
15 38 39.500
15 37 16.500
15 24 23.125
15 21 19.000
15 19 16.500
15 18 57.500
15 16 65.250
15 14 48.125
15 10 56.250
15 9 6.500
15 8 11.500
15 6 8.875
15 4 82.750
15 1 0.375
16 50 45.750
16 48 9.125
16 47 9.250
16 44 29.875
16 43 74.000
16 42 28.000
16 41 7.875
16 36 12.625
16 34 95.000
16 33 45.875
16 32 16.875
16 31 13.250
16 30 95.250
16 28 78.000
16 24 80.250
16 22 41.625
16 21 44.000
16 20 13.875
16 18 16.375
16 15 99.375
16 12 61.250
16 10 89.250
16 9 96.500
16 8 84.250
16 6 44.625
16 2 88.250
16 1 74.875
17 50 63.375
17 49 72.750
17 47 51.000
17 45 99.125
17 44 73.125
17 43 24.250
17 42 69.125
17 36 71.500
17 35 53.375
17 34 81.500
17 32 21.125
17 27 90.250
17 26 51.750
17 25 38.000
17 22 34.875
17 18 72.375
17 16 6.375
17 15 17.125
17 14 29.625
17 13 42.375
17 11 25.000
17 10 68.500
17 8 60.625
17 7 46.750
17 6 56.750
17 5 6.875
17 3 11.750
18 50 79.250
18 46 60.125
18 45 9.500
18 38 76.125
18 36 80.250
18 28 44.750
18 26 23.375
18 25 7.125
18 23 33.000
18 19 28.750
18 15 65.750
18 13 92.625
18 10 0.375
18 9 27.875
18 5 21.250
18 1 74.125
19 49 9.250
19 48 94.875
19 47 25.000
19 46 36.125
19 45 93.250
19 44 22.625
19 43 79.625
19 42 15.625
19 41 35.625
19 40 53.125
19 39 97.750
19 35 40.500
19 34 28.250
19 33 8.250
19 32 49.875
19 30 23.125
19 26 16.000
19 25 71.375
19 24 38.750
19 23 44.875
19 18 29.250
19 13 77.125
19 12 86.250
19 11 61.250
19 9 94.750
19 7 1.875
19 5 78.625
19 4 0.500
19 3 16.625
20 47 22.250
20 45 38.875
20 43 75.875
20 40 55.000
20 39 66.125
20 38 51.125
20 37 28.125
20 36 90.750
20 33 65.500
20 30 75.125
20 29 56.875
20 28 70.125
20 27 44.875
20 25 4.250
20 23 90.875
20 19 76.875
20 17 4.875
20 15 79.750
20 11 94.125
20 10 47.000
20 9 32.875
20 8 73.500
20 5 40.625
20 4 75.375
20 2 65.250
21 47 75.625
21 46 95.500
21 45 13.875
21 42 36.625
21 39 26.750
21 37 50.500
21 35 13.125
21 34 48.625
21 33 22.000
21 32 78.625
21 27 45.625
21 25 10.375
21 24 55.625
21 23 77.625
21 22 34.750
21 17 10.875
21 16 37.250
21 13 14.875
21 12 73.125
21 9 22.875
21 6 38.000
21 5 16.000
22 49 91.875
22 48 82.125
22 47 7.125
22 45 39.625
22 44 2.875
22 38 49.500
22 36 78.125
22 34 48.125
22 32 32.000
22 29 23.000
22 27 55.750
22 25 67.500
22 24 60.625
22 20 34.875
22 19 84.250
22 18 27.500
22 17 71.375
22 16 93.625
22 15 90.875
22 12 59.250
22 11 69.000
22 10 42.875
22 9 7.000
22 7 56.500
22 5 43.250
22 1 56.625
23 50 56.375
23 49 39.500
23 47 84.250
23 45 48.750
23 40 22.750
23 39 17.000
23 38 17.000
23 37 14.750
23 36 1.250
23 35 34.500
23 33 28.000
23 32 21.625
23 29 55.250
23 28 15.625
23 27 90.125
23 25 91.875
23 20 95.125
23 17 73.125
23 14 64.500
23 13 6.375
23 12 43.625
23 9 7.625
23 4 25.500
23 2 93.625
24 50 48.625
24 49 36.375
24 47 33.000
24 44 87.000
24 42 53.000
24 40 75.375
24 39 17.250
24 38 9.250
24 37 70.250
24 35 16.000
24 28 97.500
24 27 53.375
24 26 38.125
24 25 94.000
24 23 34.000
24 21 77.500
24 18 87.875
24 15 32.125
24 14 43.625
24 6 29.250
24 3 75.500
24 1 10.125
25 48 37.875
25 46 76.000
25 45 39.125
25 43 27.125
25 42 20.375
25 40 90.500
25 38 9.500
25 35 84.125
25 31 37.125
25 30 74.750
25 27 61.875
25 24 32.750
25 23 12.000
25 22 17.500
25 21 51.125
25 20 9.875
25 18 61.250
25 16 95.375
25 15 11.375
25 10 28.875
25 9 55.500
25 7 58.250
25 6 74.000
25 5 92.750
25 4 35.750
25 3 87.625
26 50 95.875
26 49 78.250
26 48 93.500
26 47 10.250
26 46 43.625
26 45 72.625
26 43 12.375
26 40 68.875
26 38 7.000
26 33 78.625
26 32 66.000
26 31 80.125
26 28 48.625
26 27 66.250
26 20 92.625
26 19 99.625
26 18 46.500
26 17 20.250
26 16 85.750
26 15 7.250
26 10 29.125
26 9 11.625
26 7 2.125
26 6 65.375
26 5 24.250
27 48 24.375
27 47 6.750
27 45 31.875
27 44 26.125
27 39 7.125
27 35 7.500
27 33 92.625
27 31 32.250
27 28 81.625
27 26 21.000
27 25 29.750
27 24 12.000
27 22 50.125
27 20 54.125
27 19 97.000
27 15 92.750
27 13 20.125
27 12 60.375
27 7 12.250
27 5 46.125
27 1 84.500
28 50 53.750
28 48 60.750
28 45 39.250
28 41 87.625
28 39 75.000
28 38 7.625
28 37 28.125
28 33 76.250
28 30 64.125
28 29 96.000
28 27 15.875
28 26 92.625
28 25 16.250
28 21 28.000
28 20 12.625
28 15 16.125
28 10 86.375
28 7 71.250
28 6 86.250
28 3 49.250
29 49 96.750
29 47 77.750
29 45 7.625
29 44 8.000
29 42 33.375
29 41 36.250
29 39 41.000
29 37 18.250
29 35 39.000
29 34 51.875
29 33 10.250
29 32 7.000
29 31 47.625
29 30 97.500
29 28 70.125
29 27 65.500
29 25 74.500
29 24 87.125
29 23 80.375
29 22 9.375
29 21 22.625
29 20 4.125
29 19 88.250
29 18 97.250
29 17 32.500
29 14 88.000
29 12 48.750
29 11 78.625
29 9 90.875
29 8 99.625
29 6 91.875
29 5 59.000
29 4 98.625
29 3 43.375
29 2 17.875
30 50 94.125
30 47 12.375
30 45 66.125
30 44 30.500
30 42 30.125
30 41 24.125
30 39 44.750
30 38 73.250
30 37 51.250
30 36 72.500
30 35 99.500
30 33 37.750
30 32 85.375
30 31 72.375
30 29 84.375
30 28 3.000
30 27 27.875
30 26 0.250
30 25 96.500
30 24 33.125
30 23 53.375
30 22 4.375
30 21 98.625
30 19 75.000
30 18 19.625
30 16 22.875
30 15 99.750
30 14 14.125
30 13 37.250
30 12 18.125
30 10 84.750
30 8 9.875
30 5 74.875
30 4 89.875
30 3 45.500
30 1 3.750
31 49 9.125
31 47 89.375
31 46 80.875
31 45 43.625
31 44 15.250
31 42 12.875
31 39 67.875
31 37 14.250
31 35 73.000
31 34 15.625
31 32 76.500
31 28 19.625
31 26 40.125
31 24 33.875
31 23 54.000
31 22 95.250
31 21 70.375
31 18 53.625
31 17 80.750
31 15 69.625
31 11 28.500
31 9 4.375
31 8 79.500
31 7 14.875
31 6 19.125
31 4 46.500
32 50 79.375
32 48 76.250
32 47 97.125
32 46 12.250
32 44 44.000
32 43 90.625
32 42 28.250
32 41 26.500
32 34 54.250
32 33 91.125
32 29 78.500
32 28 84.000
32 27 79.375
32 22 82.250
32 21 54.500
32 20 56.500
32 19 43.375
32 16 80.250
32 13 21.625
32 11 58.125
32 10 30.000
32 9 67.250
32 7 24.750
32 5 58.625
32 4 7.250
32 3 68.375
32 2 57.500
33 50 65.750
33 48 21.875
33 47 83.625
33 46 70.375
33 45 9.875
33 44 77.750
33 43 36.750
33 42 13.625
33 39 48.750
33 38 26.000
33 37 51.875
33 36 89.375
33 35 77.875
33 34 8.625
33 27 72.125
33 25 33.500
33 24 67.125
33 23 68.250
33 22 38.125
33 19 66.000
33 18 46.250
33 16 69.875
33 15 28.125
33 14 92.375
33 11 34.625
33 9 6.250
33 8 38.500
33 7 99.250
33 4 77.375
33 3 45.875
34 48 45.500
34 47 25.750
34 45 21.250
34 44 82.500
34 41 71.125
34 39 75.375
34 38 36.875
34 36 11.125
34 30 16.250
34 29 52.125
34 28 97.000
34 27 36.000
34 26 4.375
34 25 66.750
34 24 57.250
34 23 64.625
34 22 18.625
34 21 5.375
34 17 30.750
34 14 94.250
34 12 82.750
34 10 4.875
34 9 50.000
34 8 85.375
34 6 93.250
34 4 67.250
34 3 68.750
34 2 27.000
35 49 60.375
35 47 40.500
35 46 79.125
35 45 6.375
35 41 68.500
35 39 18.500
35 34 34.625
35 33 85.750
35 30 44.125
35 28 30.000
35 27 19.875
35 26 27.750
35 25 30.875
35 22 7.625
35 21 81.500
35 19 56.375
35 18 56.625
35 17 84.125
35 14 11.000
35 11 0.375
35 10 81.250
35 9 2.500
35 8 53.750
35 4 4.375
35 3 60.000
35 1 25.000
36 50 97.625
36 47 75.125
36 46 67.125
36 44 62.000
36 43 23.125
36 40 88.875
36 39 91.375
36 38 88.000
36 34 30.750
36 30 92.875
36 28 91.500
36 27 62.625
36 25 74.375
36 24 90.125
36 22 50.500
36 18 72.000
36 16 7.250
36 13 27.625
36 12 63.375
36 11 89.750
36 9 21.250
36 8 52.625
36 7 88.250
36 5 44.750
36 3 59.000
36 1 9.500
37 49 53.000
37 46 56.375
37 45 25.750
37 44 18.250
37 42 42.875
37 41 4.750
37 38 76.625
37 33 41.125
37 31 23.625
37 30 46.000
37 29 78.000
37 26 47.500
37 24 16.000
37 22 75.250
37 21 79.000
37 18 0.750
37 17 90.625
37 16 78.750
37 15 16.250
37 14 17.375
37 11 18.500
37 10 99.375
37 8 10.375
37 7 31.500
37 6 25.500
37 5 83.875
37 1 64.625
38 49 63.125
38 47 49.875
38 44 6.500
38 42 22.250
38 41 13.625
38 40 12.625
38 39 49.750
38 35 6.875
38 34 24.500
38 33 28.250
38 29 27.750
38 25 73.750
38 24 90.875
38 23 84.125
38 20 0.000
38 16 25.500
38 14 99.625
38 11 33.250
38 10 58.250
38 9 24.500
38 5 86.250
38 4 43.250
38 2 98.500
39 50 15.750
39 46 17.875
39 44 13.625
39 43 13.750
39 37 31.125
39 35 31.250
39 33 67.125
39 29 63.375
39 27 8.750
39 24 72.750
39 22 71.125
39 19 30.875
39 18 3.125
39 15 99.875
39 14 90.000
39 13 99.250
39 12 57.500
39 10 35.125
39 9 54.500
39 8 63.750
39 5 83.875
39 4 25.250
39 2 35.625
39 1 90.875
40 48 17.250
40 43 0.375
40 41 30.000
40 39 80.875
40 38 2.375
40 37 61.125
40 34 59.250
40 33 38.000
40 31 99.000
40 29 80.000
40 28 51.250
40 26 53.000
40 25 80.500
40 24 9.750
40 23 86.000
40 22 91.875
40 21 75.625
40 20 80.000
40 19 70.500
40 18 6.625
40 17 18.750
40 15 45.750
40 14 19.000
40 13 29.500
40 6 10.125
41 50 61.875
41 47 53.625
41 46 53.750
41 44 82.875
41 42 67.500
41 40 31.750
41 38 79.125
41 37 85.750
41 33 0.250
41 32 95.125
41 31 82.750
41 30 74.125
41 23 85.875
41 22 15.250
41 21 69.875
41 19 52.625
41 16 46.875
41 15 71.125
41 12 64.250
41 10 61.750
41 7 68.375
41 6 80.125
42 50 22.250
42 47 2.875
42 46 61.125
42 45 85.125
42 43 56.750
42 40 56.000
42 38 46.250
42 36 32.625
42 32 88.375
42 31 70.875
42 30 65.000
42 28 32.125
42 26 96.125
42 24 19.250
42 23 54.375
42 22 0.750
42 21 0.625
42 20 21.875
42 19 13.625
42 16 35.750
42 15 56.125
42 12 47.750
42 11 32.875
42 10 15.875
42 9 14.000
42 7 34.875
42 6 91.000
42 3 91.125
42 1 96.000
43 50 4.625
43 47 35.125
43 45 70.625
43 42 61.375
43 40 71.875
43 38 31.000
43 36 15.750
43 30 5.000
43 27 4.875
43 25 61.000
43 24 64.375
43 23 60.875
43 22 86.875
43 20 42.375
43 18 20.000
43 17 15.125
43 16 55.625
43 14 48.875
43 13 47.500
43 12 24.875
43 9 39.500
43 8 22.500
43 6 89.750
43 3 19.625
44 50 10.375
44 46 35.250
44 39 39.250
44 38 57.625
44 34 97.875
44 30 94.250
44 29 56.250
44 27 50.125
44 26 83.750
44 24 20.750
44 22 6.625
44 21 56.750
44 19 57.750
44 18 49.125
44 17 23.500
44 16 30.375
44 14 16.875
44 9 6.125
44 8 78.875
44 6 63.000
44 5 74.875
44 1 56.625
45 48 24.250
45 46 67.125
45 43 8.625
45 41 50.750
45 40 54.000
45 38 14.875
45 37 64.375
45 33 70.625
45 32 91.625
45 30 37.500
45 28 98.750
45 27 57.000
45 26 47.125
45 25 30.500
45 24 57.750
45 23 39.625
45 21 39.125
45 20 9.625
45 19 28.125
45 17 1.500
45 14 8.375
45 13 96.750
45 11 57.500
45 8 98.625
45 6 0.625
45 5 94.750
45 3 0.500
46 50 82.875
46 49 67.500
46 45 91.250
46 44 74.875
46 42 26.625
46 39 77.375
46 37 86.625
46 31 60.250
46 18 48.125
46 17 60.625
46 14 76.750
46 13 59.125
46 10 54.500
46 8 0.500
46 7 69.500
46 5 5.000
46 4 19.250
46 3 87.625
46 2 31.625
46 1 73.750
47 50 1.750
47 48 58.000
47 45 68.625
47 44 6.375
47 42 93.000
47 40 13.625
47 37 3.000
47 36 85.125
47 34 59.500
47 31 54.750
47 30 8.375
47 28 26.625
47 26 22.250
47 24 4.625
47 23 25.375
47 22 79.250
47 20 5.625
47 16 27.250
47 15 77.625
47 14 34.125
47 13 55.500
47 10 81.750
47 9 54.250
47 8 89.750
47 5 7.250
47 4 33.875
47 1 18.250
48 46 28.125
48 45 58.250
48 44 55.875
48 43 12.750
48 42 77.625
48 41 87.750
48 40 49.375
48 39 67.250
48 37 37.500
48 36 6.125
48 34 69.875
48 33 87.000
48 32 38.375
48 31 19.250
48 26 75.000
48 25 67.000
48 23 6.250
48 20 33.125
48 19 29.750
48 18 35.000
48 17 67.500
48 16 69.875
48 13 85.625
48 11 60.500
48 10 54.750
48 7 46.375
48 6 54.125
48 5 72.000
48 3 12.375
48 2 74.250
49 48 24.250
49 46 21.250
49 43 76.750
49 40 31.750
49 39 79.250
49 37 0.250
49 36 34.750
49 35 54.750
49 34 17.625
49 32 25.625
49 30 91.875
49 29 49.125
49 28 30.250
49 26 4.750
49 24 28.625
49 22 68.750
49 21 44.375
49 20 35.625
49 19 91.500
49 18 33.000
49 14 21.125
49 13 33.625
49 11 88.875
49 10 60.625
49 9 25.375
49 8 39.750
49 7 56.000
49 6 59.875
49 4 89.875
49 3 25.375
49 2 38.750
50 46 86.250
50 44 93.750
50 42 69.750
50 40 5.500
50 39 50.250
50 38 0.500
50 37 77.500
50 36 64.375
50 35 79.000
50 34 35.875
50 33 19.500
50 31 41.500
50 30 61.375
50 29 96.875
50 28 36.250
50 27 23.875
50 26 28.750
50 25 76.500
50 23 29.375
50 17 75.750
50 12 78.000
50 11 48.125
50 10 55.000
50 9 58.875
50 7 7.250
50 6 59.750
50 2 48.750
