dl
format=edgelist1
n=100
data:
1 99 66.375
1 91 8.000
1 88 7.500
1 85 82.000
1 83 75.000
1 78 62.500
1 76 59.250
1 72 89.750
1 71 85.125
1 65 29.375
1 61 6.875
1 55 39.625
1 52 0.625
1 51 56.250
1 47 94.250
1 45 73.500
1 36 39.250
1 30 5.875
1 29 24.625
1 25 88.750
1 22 20.625
1 21 54.625
1 19 60.875
1 15 66.750
1 11 76.125
1 9 42.250
2 93 93.625
2 92 65.625
2 90 36.125
2 70 25.000
2 68 36.625
2 65 29.500
2 63 41.875
2 62 7.750
2 61 21.125
2 58 86.625
2 55 17.500
2 51 37.125
2 48 88.250
2 46 62.000
2 44 2.250
2 43 62.500
2 35 53.625
2 28 4.000
2 27 18.000
2 24 26.125
2 23 47.875
2 15 99.000
2 12 88.625
2 9 90.250
2 8 50.750
2 7 51.125
3 100 47.250
3 93 64.625
3 91 98.000
3 86 47.500
3 80 32.750
3 77 57.750
3 74 46.375
3 73 27.625
3 67 17.250
3 65 6.125
3 59 54.375
3 54 61.875
3 47 37.375
3 43 78.250
3 42 11.125
3 35 81.250
3 32 64.125
3 28 46.000
3 25 63.500
3 15 6.000
3 14 74.250
3 5 18.750
4 94 5.375
4 89 20.375
4 87 45.250
4 74 33.750
4 71 34.750
4 70 81.375
4 65 13.125
4 63 84.500
4 59 49.875
4 35 17.000
4 27 23.250
4 24 13.375
4 22 66.000
4 21 62.625
4 11 22.125
4 10 8.875
4 9 60.250
4 8 92.375
4 1 86.125
5 99 86.875
5 97 44.500
5 89 11.500
5 88 62.750
5 86 41.750
5 83 79.000
5 77 21.375
5 75 42.375
5 69 57.375
5 63 20.875
5 57 31.000
5 53 29.625
5 52 79.000
5 50 95.000
5 43 98.750
5 39 24.500
5 38 1.750
5 34 15.250
5 28 30.500
5 27 53.750
5 19 90.375
5 4 14.250
6 100 3.000
6 96 91.500
6 91 11.125
6 84 35.125
6 74 21.125
6 71 77.875
6 51 15.375
6 42 98.125
6 37 91.125
6 36 38.875
6 33 24.250
6 32 56.750
6 27 45.000
6 23 24.125
6 19 62.000
6 14 24.125
6 7 43.250
7 100 13.000
7 99 9.875
7 95 56.875
7 93 68.500
7 90 17.000
7 88 11.500
7 86 27.750
7 85 28.750
7 82 12.500
7 81 70.625
7 77 11.500
7 73 88.250
7 72 62.375
7 71 54.750
7 69 5.375
7 67 83.750
7 65 34.500
7 59 5.125
7 50 27.875
7 45 10.250
7 43 95.875
7 38 8.375
7 32 21.375
7 29 93.500
7 21 0.750
7 20 14.250
7 14 65.000
7 12 53.750
7 8 75.875
7 4 2.375
7 3 87.500
7 2 59.000
7 1 78.500
8 100 73.375
8 99 17.250
8 98 40.875
8 94 48.625
8 90 49.250
8 85 84.000
8 84 12.500
8 83 36.625
8 81 96.000
8 73 99.250
8 66 15.875
8 56 40.500
8 55 81.250
8 52 92.125
8 51 14.625
8 49 94.500
8 46 25.625
8 44 91.750
8 39 26.500
8 38 48.250
8 35 75.125
8 33 74.875
8 31 91.625
8 28 43.500
8 27 76.250
8 19 37.750
8 15 1.750
8 13 22.125
8 12 0.250
8 9 20.250
8 7 71.500
8 5 43.750
8 3 50.500
8 1 37.875
9 100 65.500
9 99 71.875
9 98 36.875
9 86 38.750
9 85 34.250
9 74 43.625
9 67 70.875
9 66 20.000
9 65 41.625
9 60 72.125
9 59 42.250
9 55 73.250
9 53 40.375
9 52 10.000
9 49 86.750
9 42 55.625
9 41 65.000
9 39 52.375
9 35 29.125
9 31 34.750
9 26 69.125
9 23 19.250
9 22 73.250
9 21 93.000
9 18 12.625
9 15 70.750
9 13 21.500
9 6 32.125
10 100 42.750
10 97 29.125
10 93 5.375
10 92 25.375
10 91 79.875
10 89 37.000
10 87 6.000
10 81 33.875
10 77 67.125
10 73 32.625
10 72 12.250
10 70 91.000
10 68 42.875
10 65 12.750
10 63 96.250
10 60 96.250
10 47 21.250
10 45 48.125
10 38 47.625
10 26 45.500
10 25 17.875
10 21 73.125
10 18 91.875
10 9 5.000
10 7 66.250
10 4 7.500
10 3 84.125
10 1 43.000
11 92 25.750
11 90 32.250
11 88 86.375
11 85 1.625
11 84 52.000
11 80 36.000
11 72 55.000
11 64 29.000
11 50 53.375
11 49 29.625
11 46 61.750
11 43 16.750
11 40 35.875
11 32 43.000
11 31 73.000
11 24 6.875
11 22 80.875
11 19 86.250
11 17 27.875
11 16 4.875
11 14 33.875
11 13 17.250
11 8 87.000
11 6 75.250
11 1 25.875
12 98 4.250
12 95 70.000
12 84 11.750
12 83 42.250
12 79 73.250
12 73 88.875
12 71 20.500
12 64 45.625
12 63 22.625
12 61 84.375
12 59 32.500
12 57 82.500
12 55 44.875
12 50 68.375
12 49 84.000
12 39 38.125
12 37 51.875
12 35 49.875
12 32 7.500
12 31 51.500
12 25 24.625
12 24 82.625
12 22 87.875
12 16 86.250
12 10 12.125
12 3 10.500
13 98 72.125
13 94 81.750
13 84 34.000
13 80 81.125
13 79 37.375
13 76 91.500
13 70 66.375
13 68 78.375
13 65 21.000
13 64 81.375
13 54 59.625
13 53 93.500
13 50 27.875
13 49 50.750
13 47 87.875
13 35 49.875
13 34 72.500
13 32 3.625
13 30 61.625
13 29 48.000
13 25 62.875
13 24 9.375
13 15 30.250
13 9 68.750
13 8 55.750
13 7 32.000
13 3 89.750
13 1 62.625
14 97 58.750
14 94 85.875
14 90 4.625
14 87 59.625
14 85 44.000
14 81 54.125
14 80 27.250
14 78 11.375
14 64 57.750
14 62 15.500
14 53 15.875
14 50 57.500
14 46 4.750
14 45 53.625
14 42 29.875
14 40 42.250
14 39 61.750
14 33 16.750
14 30 57.250
14 26 14.250
14 20 62.875
14 18 87.625
14 11 45.500
14 8 40.625
14 5 41.750
14 1 24.500
15 92 7.000
15 88 39.000
15 87 33.375
15 83 45.375
15 78 13.250
15 76 73.125
15 73 2.250
15 60 59.625
15 53 73.375
15 51 90.000
15 50 61.375
15 45 79.875
15 42 35.750
15 38 82.750
15 35 55.125
15 34 36.375
15 33 49.750
15 31 83.375
15 28 39.250
15 23 13.125
15 5 66.250
15 2 15.250
15 1 35.625
16 97 73.250
16 90 24.000
16 84 60.500
16 80 1.875
16 77 38.625
16 76 9.750
16 75 20.000
16 74 55.250
16 68 2.375
16 64 62.875
16 60 17.500
16 59 61.875
16 57 61.250
16 54 66.250
16 51 85.625
16 50 6.000
16 47 87.375
16 45 94.750
16 44 22.500
16 40 68.250
16 36 51.500
16 28 3.875
16 22 92.500
16 17 54.125
16 12 36.000
16 10 2.625
16 9 23.875
16 7 78.500
17 100 52.625
17 98 13.125
17 93 18.250
17 92 44.250
17 81 71.125
17 78 18.500
17 75 39.500
17 66 47.250
17 56 55.375
17 55 87.625
17 44 98.250
17 43 2.375
17 38 78.125
17 36 38.125
17 30 34.750
17 29 2.625
17 28 36.375
17 27 27.875
17 22 21.875
17 21 13.125
17 20 72.125
17 16 2.875
17 12 92.375
17 7 34.375
17 6 30.625
17 4 28.625
18 96 60.625
18 94 19.000
18 93 22.875
18 92 91.750
18 91 67.625
18 90 94.125
18 85 45.500
18 80 83.125
18 75 5.625
18 74 41.500
18 71 16.000
18 66 37.125
18 57 19.375
18 56 43.250
18 46 3.750
18 44 19.500
18 40 95.375
18 38 24.000
18 36 70.875
18 31 27.125
18 24 90.250
18 21 22.875
18 19 78.750
18 15 71.375
18 12 27.750
18 11 67.625
18 7 33.000
18 5 60.750
18 2 59.750
18 1 6.000
19 95 20.125
19 94 76.500
19 92 58.875
19 85 9.500
19 79 57.375
19 77 64.125
19 75 27.500
19 72 55.625
19 70 17.500
19 69 89.750
19 64 91.875
19 63 84.000
19 56 93.250
19 53 62.250
19 48 38.000
19 45 65.875
19 44 54.875
19 42 28.250
19 37 29.625
19 36 42.500
19 31 83.000
19 29 11.500
19 23 97.375
19 20 26.500
19 18 44.875
19 16 25.750
19 7 22.500
19 6 71.375
19 3 29.875
19 2 79.875
20 98 42.625
20 89 7.625
20 86 94.750
20 85 10.250
20 80 62.875
20 71 67.750
20 70 55.125
20 69 24.500
20 51 25.625
20 50 52.625
20 44 79.125
20 38 25.750
20 34 50.500
20 32 1.250
20 31 23.250
20 28 71.000
20 27 95.625
20 26 3.500
20 8 49.125
20 4 42.500
20 3 10.250
21 99 49.750
21 98 10.375
21 97 71.000
21 96 18.375
21 88 27.750
21 82 2.375
21 80 57.125
21 79 36.125
21 71 54.500
21 70 81.500
21 64 24.125
21 62 32.875
21 60 14.500
21 58 76.625
21 55 59.250
21 54 5.250
21 49 13.500
21 48 71.750
21 46 73.125
21 38 32.375
21 37 37.875
21 34 1.750
21 31 26.750
21 30 83.750
21 27 35.875
21 25 98.625
21 24 58.125
21 15 80.375
21 14 26.375
21 12 18.750
21 5 65.625
21 4 67.625
21 2 93.500
22 98 68.875
22 97 15.875
22 94 68.250
22 93 27.125
22 84 63.750
22 67 44.625
22 60 61.125
22 44 66.625
22 43 60.250
22 37 49.000
22 16 34.125
22 15 60.750
22 13 66.500
22 10 29.500
22 7 48.125
22 5 20.750
23 96 37.375
23 88 36.750
23 87 73.250
23 84 79.375
23 81 75.000
23 80 68.375
23 72 8.500
23 67 47.625
23 57 76.750
23 53 42.625
23 46 29.625
23 45 39.875
23 43 66.375
23 41 19.500
23 38 53.250
23 37 29.750
23 33 4.500
23 31 35.875
23 30 29.250
23 29 75.625
23 25 33.625
23 24 73.500
23 21 46.750
23 19 30.750
23 15 21.750
23 14 68.125
23 12 15.500
23 6 69.625
24 98 34.000
24 95 94.000
24 94 38.500
24 93 54.375
24 86 19.750
24 84 50.875
24 83 10.250
24 82 7.875
24 80 86.375
24 77 22.250
24 75 40.125
24 73 31.375
24 72 50.875
24 70 31.625
24 68 91.875
24 66 68.750
24 49 53.375
24 46 19.250
24 45 18.875
24 42 23.000
24 40 12.250
24 38 45.875
24 31 85.500
24 27 50.750
24 23 11.500
24 16 10.750
24 13 96.250
24 11 23.000
24 10 8.125
25 98 68.125
25 97 75.750
25 90 78.250
25 87 24.500
25 84 31.875
25 81 30.000
25 78 87.000
25 71 93.750
25 57 79.375
25 48 92.625
25 47 0.625
25 46 42.625
25 31 53.125
25 27 97.875
25 26 88.125
25 24 83.625
25 17 16.250
25 13 30.250
25 12 54.250
25 11 73.750
25 8 89.125
25 2 9.875
25 1 38.250
26 93 83.625
26 90 99.625
26 89 33.375
26 88 67.375
26 74 70.625
26 70 37.750
26 69 49.375
26 56 63.875
26 41 49.750
26 39 28.625
26 38 22.625
26 20 30.750
26 18 47.500
26 16 67.250
26 15 21.125
26 7 50.000
26 6 77.625
26 5 96.750
26 3 66.750
27 99 85.875
27 98 2.750
27 97 16.875
27 96 5.875
27 94 61.625
27 91 89.250
27 90 35.000
27 89 3.875
27 86 22.500
27 79 14.750
27 78 45.375
27 77 46.000
27 74 44.250
27 73 87.125
27 68 76.500
27 67 4.250
27 65 87.250
27 62 74.250
27 55 10.750
27 35 50.000
27 33 73.000
27 32 39.875
27 30 30.500
27 20 7.625
27 12 88.375
27 10 54.875
27 9 8.250
27 6 9.250
27 5 93.625
27 2 35.750
28 100 8.125
28 89 45.000
28 87 22.375
28 85 10.000
28 69 39.625
28 67 33.500
28 65 59.625
28 64 22.500
28 62 12.375
28 59 60.000
28 43 35.500
28 42 73.875
28 38 10.125
28 37 29.000
28 36 74.500
28 31 99.250
28 9 46.875
28 5 45.125
28 2 73.250
29 96 28.125
29 89 36.375
29 79 81.375
29 77 4.375
29 76 10.500
29 63 57.625
29 54 49.250
29 53 76.875
29 50 71.875
29 47 38.750
29 46 17.625
29 42 15.000
29 33 49.250
29 25 17.750
29 24 65.875
29 23 33.750
29 11 59.000
29 8 84.625
29 6 79.125
29 5 74.250
30 100 10.250
30 97 49.750
30 96 83.875
30 94 83.500
30 91 60.000
30 86 18.125
30 85 43.500
30 79 70.750
30 68 38.750
30 66 58.625
30 65 3.500
30 60 27.375
30 57 78.125
30 51 83.125
30 50 1.000
30 44 80.125
30 39 49.000
30 37 92.750
30 36 77.875
30 34 68.875
30 31 86.375
30 20 29.375
30 12 44.750
30 6 78.875
31 99 25.625
31 94 52.250
31 93 49.375
31 90 91.000
31 87 32.250
31 77 63.125
31 72 19.250
31 67 46.375
31 62 79.750
31 53 69.000
31 50 74.375
31 38 20.375
31 34 28.500
31 26 76.750
31 24 66.375
31 7 22.125
31 4 26.125
31 1 89.500
32 100 37.000
32 94 76.500
32 87 54.875
32 83 65.250
32 73 30.125
32 72 79.125
32 70 69.000
32 67 89.125
32 66 16.625
32 61 73.375
32 60 37.250
32 56 76.250
32 55 71.375
32 53 82.750
32 50 10.000
32 49 18.750
32 48 13.750
32 40 79.750
32 35 11.625
32 20 29.625
32 19 61.875
32 14 48.625
32 4 1.500
32 3 67.875
33 100 94.375
33 99 39.250
33 90 46.625
33 89 31.375
33 82 79.625
33 68 87.250
33 66 80.500
33 58 17.250
33 56 7.750
33 52 95.125
33 50 93.875
33 49 37.875
33 48 94.000
33 47 50.125
33 42 80.875
33 37 91.750
33 36 9.500
33 30 78.250
33 29 1.125
33 27 24.625
33 24 52.000
33 22 14.875
33 18 93.750
33 12 7.125
33 10 52.250
33 6 67.250
33 1 77.000
34 98 52.250
34 92 48.750
34 91 91.125
34 85 22.250
34 81 47.625
34 77 81.500
34 71 36.125
34 68 93.875
34 65 24.750
34 61 5.250
34 52 61.750
34 49 32.875
34 48 48.125
34 47 97.375
34 45 38.375
34 38 76.500
34 35 61.250
34 33 91.125
34 32 27.875
34 31 3.875
34 27 69.250
34 24 60.625
34 19 52.125
34 16 72.750
34 15 5.125
34 13 80.125
34 12 83.875
35 93 4.000
35 85 62.250
35 82 15.375
35 79 39.375
35 78 91.000
35 72 34.750
35 67 53.750
35 66 84.750
35 65 4.625
35 63 65.125
35 61 28.250
35 57 90.125
35 50 43.125
35 47 91.125
35 45 51.250
35 38 36.750
35 28 18.000
35 27 23.625
35 20 39.750
35 16 51.375
35 11 55.750
35 10 33.750
35 9 20.875
35 5 12.000
35 1 96.250
36 95 61.000
36 94 17.500
36 93 16.125
36 86 86.500
36 83 82.875
36 81 50.125
36 80 55.125
36 78 61.375
36 77 66.000
36 72 67.750
36 69 76.750
36 68 86.000
36 62 89.500
36 61 32.750
36 60 87.875
36 59 75.500
36 55 81.500
36 54 86.250
36 48 73.125
36 45 14.500
36 44 30.000
36 38 95.500
36 37 94.000
36 27 72.375
36 23 35.875
36 17 51.625
36 16 71.875
36 5 5.000
36 2 43.000
37 98 80.000
37 90 70.250
37 88 31.000
37 84 62.125
37 77 3.750
37 68 42.125
37 64 39.125
37 63 20.000
37 56 81.625
37 53 83.250
37 51 25.500
37 45 21.875
37 41 65.000
37 35 87.250
37 31 24.750
37 27 57.750
37 22 47.625
37 5 37.875
37 3 94.750
37 1 39.625
38 99 70.500
38 95 81.625
38 90 25.125
38 82 41.500
38 73 94.000
38 70 23.250
38 65 85.250
38 56 88.500
38 55 86.125
38 54 43.625
38 47 0.875
38 44 73.875
38 36 7.000
38 34 71.250
38 30 21.000
38 23 46.250
38 13 39.250
38 10 35.750
38 9 50.375
38 7 63.625
38 3 55.625
38 2 62.500
39 100 97.375
39 92 99.250
39 88 81.875
39 86 44.125
39 77 36.000
39 60 37.750
39 59 41.250
39 57 5.625
39 55 41.250
39 52 62.250
39 51 75.125
39 49 6.875
39 48 86.250
39 47 47.000
39 41 26.000
39 37 1.750
39 36 23.625
39 35 64.250
39 34 57.750
39 28 68.250
39 26 30.250
39 24 69.250
39 23 29.500
39 22 55.500
39 21 41.875
39 19 22.000
39 11 78.875
39 10 87.250
39 2 57.250
40 100 74.000
40 96 25.500
40 92 32.125
40 90 78.875
40 81 24.625
40 80 50.125
40 71 24.000
40 67 64.375
40 62 79.125
40 60 92.625
40 57 1.000
40 50 99.750
40 45 99.000
40 43 28.000
40 38 91.125
40 35 21.625
40 30 41.625
40 29 4.500
40 11 69.375
40 9 25.125
40 3 60.125
41 98 18.250
41 94 66.250
41 92 12.125
41 91 21.375
41 84 41.125
41 80 52.500
41 79 19.500
41 78 26.500
41 77 2.000
41 70 88.625
41 65 50.250
41 52 99.125
41 49 72.750
41 42 27.000
41 36 18.125
41 34 35.125
41 31 16.500
41 21 86.750
41 19 61.250
41 18 44.000
41 16 11.875
41 14 32.875
42 99 19.500
42 98 70.125
42 93 40.875
42 92 84.250
42 90 71.125
42 83 84.875
42 82 42.625
42 80 52.625
42 72 48.125
42 68 60.375
42 67 42.000
42 65 57.750
42 60 37.500
42 54 71.875
42 52 16.000
42 44 3.625
42 41 84.125
42 40 55.750
42 38 32.500
42 36 7.375
42 35 80.000
42 34 9.125
42 32 92.250
42 30 53.500
42 28 12.875
42 26 9.000
42 23 19.375
42 19 23.125
42 16 30.000
42 14 38.125
42 12 16.750
42 6 52.250
42 4 31.875
42 2 79.250
43 99 28.000
43 97 37.375
43 94 51.500
43 93 66.375
43 90 88.625
43 85 42.750
43 83 11.500
43 80 52.250
43 77 27.750
43 72 65.125
43 70 28.250
43 63 72.750
43 61 31.250
43 59 89.875
43 57 38.375
43 55 92.500
43 54 65.500
43 48 99.000
43 38 41.500
43 37 97.000
43 36 31.875
43 35 51.375
43 33 45.875
43 32 85.875
43 28 88.750
43 23 13.875
43 22 67.000
43 20 47.500
43 19 62.375
43 16 71.625
43 9 84.250
43 8 78.875
43 3 15.125
43 2 36.500
44 100 12.375
44 98 72.375
44 94 68.375
44 91 82.500
44 73 39.875
44 68 34.625
44 67 19.875
44 66 37.375
44 63 7.750
44 46 20.625
44 37 20.125
44 33 68.500
44 32 6.625
44 31 39.250
44 29 95.000
44 28 99.375
44 27 74.750
44 20 85.750
44 12 87.250
44 9 86.875
44 7 44.125
45 99 38.875
45 98 95.875
45 94 71.625
45 90 38.750
45 87 43.625
45 85 2.750
45 83 81.250
45 80 72.375
45 77 39.875
45 76 11.125
45 73 74.875
45 67 38.125
45 66 79.125
45 65 40.750
45 63 21.500
45 62 69.000
45 58 55.375
45 56 5.625
45 55 1.000
45 50 12.375
45 49 50.875
45 48 74.750
45 41 82.750
45 35 6.500
45 34 49.625
45 33 78.000
45 32 32.875
45 31 60.125
45 26 37.750
45 22 15.875
45 13 34.125
45 7 81.000
46 95 64.250
46 86 47.125
46 85 75.250
46 82 0.250
46 75 5.625
46 74 91.375
46 68 75.250
46 66 19.875
46 64 33.000
46 59 72.500
46 57 64.000
46 56 11.375
46 49 21.250
46 48 58.125
46 45 65.375
46 42 86.750
46 39 62.375
46 37 3.875
46 35 34.125
46 33 3.125
46 31 72.625
46 24 92.750
46 19 16.375
46 15 58.375
46 13 69.750
46 11 30.875
46 9 30.375
46 8 71.250
46 5 66.375
47 98 21.375
47 92 51.750
47 91 72.500
47 90 2.500
47 80 54.000
47 79 30.375
47 77 50.000
47 73 79.500
47 72 61.000
47 70 60.000
47 65 48.000
47 57 44.375
47 55 80.375
47 54 38.375
47 45 4.500
47 43 24.875
47 37 76.625
47 36 16.875
47 34 35.500
47 33 64.000
47 27 92.625
47 26 64.250
47 24 65.750
47 23 79.500
47 12 81.250
47 11 73.875
47 7 61.125
48 100 41.375
48 99 54.625
48 95 4.750
48 86 91.750
48 84 62.375
48 80 41.625
48 78 28.875
48 75 19.500
48 74 16.125
48 69 77.500
48 62 29.375
48 57 21.875
48 56 12.625
48 36 24.875
48 27 7.375
48 25 81.375
48 11 24.750
48 7 81.000
49 99 24.625
49 96 98.750
49 95 35.125
49 90 86.125
49 89 29.375
49 88 96.750
49 83 79.000
49 82 29.500
49 79 91.250
49 72 9.625
49 68 35.000
49 59 21.375
49 57 69.750
49 54 73.500
49 50 3.750
49 43 82.875
49 40 90.000
49 33 51.500
49 32 61.125
49 30 46.375
49 26 83.125
49 24 55.250
49 23 25.500
49 21 55.000
49 19 13.625
49 16 99.500
49 12 4.375
49 9 35.750
49 7 26.375
49 6 63.875
49 5 27.750
49 4 12.000
49 1 47.250
50 95 68.875
50 90 97.125
50 82 51.250
50 80 36.125
50 73 89.250
50 71 39.500
50 51 36.000
50 43 10.125
50 41 67.000
50 37 86.500
50 33 43.250
50 31 39.625
50 26 43.125
50 17 91.375
50 6 3.500
51 98 24.125
51 96 82.625
51 88 57.500
51 82 43.000
51 66 21.250
51 49 56.750
51 46 64.250
51 42 17.125
51 39 36.750
51 38 44.250
51 37 29.000
51 35 91.000
51 32 96.250
51 31 62.500
51 27 7.375
51 24 89.500
51 18 88.125
51 17 31.250
51 14 38.000
51 3 12.250
52 100 95.750
52 99 62.375
52 91 13.125
52 87 42.125
52 86 43.375
52 82 42.625
52 80 30.750
52 75 86.500
52 74 84.875
52 73 30.500
52 71 23.875
52 66 69.750
52 58 11.875
52 57 23.500
52 55 38.250
52 51 66.375
52 50 96.750
52 41 16.625
52 34 96.750
52 31 85.125
52 30 31.375
52 13 11.875
52 11 92.125
52 7 50.000
53 97 61.625
53 87 84.000
53 86 34.625
53 83 14.500
53 67 14.750
53 64 97.625
53 59 38.875
53 58 63.500
53 49 89.750
53 48 7.500
53 45 26.125
53 43 26.500
53 41 66.250
53 33 52.250
53 31 59.000
53 28 25.375
53 19 96.875
53 13 63.125
53 8 30.875
53 3 10.500
54 86 49.000
54 80 93.625
54 76 92.250
54 75 90.000
54 73 85.000
54 68 92.250
54 66 80.625
54 63 35.500
54 61 82.250
54 57 8.625
54 50 5.000
54 46 73.250
54 43 11.625
54 39 71.625
54 38 53.250
54 37 90.000
54 36 28.000
54 27 22.375
54 22 71.000
54 21 18.000
54 20 78.750
54 16 54.375
54 15 15.375
54 11 15.250
54 9 80.625
54 7 84.750
54 3 58.125
55 100 97.125
55 99 83.375
55 96 16.500
55 94 0.250
55 90 85.500
55 88 44.500
55 82 29.250
55 70 16.250
55 63 40.875
55 60 14.375
55 53 80.000
55 51 85.000
55 48 68.625
55 47 43.500
55 46 31.125
55 42 35.750
55 41 64.125
55 33 24.500
55 30 95.000
55 19 64.375
55 10 55.000
55 6 80.500
55 2 89.625
56 99 45.625
56 91 95.750
56 89 48.000
56 87 66.000
56 83 57.000
56 81 29.500
56 78 27.750
56 74 86.750
56 69 44.250
56 68 47.750
56 66 81.875
56 65 44.875
56 60 27.500
56 57 11.000
56 50 38.375
56 46 93.750
56 43 65.750
56 40 77.500
56 33 52.375
56 30 6.000
56 26 24.750
56 25 4.250
56 24 17.250
56 13 57.625
56 5 24.125
56 3 94.875
57 95 34.375
57 78 43.125
57 76 83.125
57 74 7.500
57 70 76.625
57 67 58.625
57 63 9.875
57 49 75.500
57 41 62.000
57 40 39.500
57 36 96.250
57 35 76.625
57 32 32.750
57 21 83.375
57 8 84.500
58 96 54.875
58 91 84.125
58 87 58.500
58 77 31.750
58 76 8.500
58 75 62.875
58 64 13.875
58 48 85.500
58 42 98.125
58 30 31.125
58 10 39.625
58 7 49.125
58 3 95.000
59 100 24.750
59 97 10.125
59 96 24.125
59 95 3.750
59 94 96.000
59 91 17.250
59 81 67.250
59 80 41.625
59 71 82.875
59 66 19.750
59 60 10.250
59 51 12.500
59 38 57.125
59 36 39.500
59 29 65.500
59 25 9.125
59 24 48.000
59 20 39.250
59 13 17.500
59 7 42.625
59 5 98.125
59 2 64.250
60 97 75.000
60 81 2.875
60 76 79.625
60 75 41.125
60 68 73.750
60 65 62.750
60 61 3.375
60 59 65.750
60 58 95.750
60 52 41.250
60 51 7.500
60 49 59.375
60 47 85.250
60 45 37.125
60 44 5.250
60 33 47.625
60 30 97.625
60 27 48.000
60 25 74.125
60 23 48.000
60 19 78.500
60 17 54.250
60 15 13.125
60 10 29.875
60 9 0.375
60 4 73.875
61 98 61.875
61 92 16.750
61 86 22.750
61 85 57.875
61 84 60.750
61 83 55.000
61 82 29.750
61 52 34.125
61 50 92.500
61 49 56.000
61 39 27.125
61 37 97.250
61 18 66.125
61 17 98.750
61 14 53.625
61 13 29.875
61 6 15.000
62 94 43.375
62 87 27.125
62 86 91.750
62 85 85.625
62 83 1.000
62 81 43.125
62 77 99.000
62 76 82.625
62 74 56.375
62 73 66.000
62 66 7.000
62 65 9.500
62 63 84.500
62 53 6.500
62 38 16.500
62 37 25.000
62 36 46.250
62 34 15.625
62 33 22.000
62 29 85.375
62 28 93.875
62 26 46.125
62 23 68.750
62 15 89.125
62 13 30.625
62 12 6.750
62 11 58.875
62 10 2.375
62 8 8.500
62 6 47.625
62 2 94.125
63 99 4.875
63 86 39.625
63 80 97.875
63 77 15.250
63 71 47.500
63 65 46.875
63 60 12.125
63 55 21.875
63 51 57.500
63 50 31.000
63 43 17.250
63 40 38.125
63 36 97.000
63 31 78.250
63 27 15.875
63 21 80.875
64 96 37.875
64 90 60.750
64 88 26.500
64 72 72.500
64 71 29.125
64 68 89.250
64 61 57.250
64 60 64.875
64 59 63.500
64 56 92.250
64 53 84.250
64 50 85.125
64 47 49.750
64 43 22.125
64 40 58.875
64 36 41.625
64 33 16.125
64 17 94.375
64 13 47.125
64 9 51.750
64 4 13.125
64 3 85.375
65 99 83.000
65 81 28.750
65 73 45.000
65 72 44.125
65 56 35.375
65 49 36.500
65 47 92.000
65 43 89.125
65 35 82.000
65 31 75.750
65 23 44.500
65 15 57.750
65 7 90.625
65 6 58.750
65 2 82.250
66 100 79.125
66 98 4.000
66 96 11.875
66 95 50.250
66 85 65.250
66 83 46.125
66 75 75.000
66 73 92.000
66 69 43.375
66 67 91.250
66 59 19.125
66 58 30.000
66 56 8.875
66 50 83.000
66 49 65.250
66 48 99.750
66 45 52.125
66 41 88.250
66 34 21.125
66 33 3.750
66 32 78.250
66 31 52.750
66 27 39.625
66 18 13.750
66 14 63.625
66 9 65.750
66 8 46.625
66 5 68.375
67 100 20.250
67 97 1.625
67 96 30.125
67 72 94.250
67 70 95.750
67 64 2.375
67 57 8.125
67 56 63.500
67 54 67.250
67 52 10.250
67 47 98.375
67 38 9.250
67 37 95.500
67 28 56.875
67 24 56.000
67 18 23.500
67 16 73.125
67 9 89.500
67 7 24.125
67 4 57.500
68 97 0.000
68 95 75.500
68 82 62.250
68 79 40.500
68 75 56.125
68 71 24.375
68 61 82.250
68 57 81.750
68 53 50.500
68 49 80.750
68 48 51.375
68 42 97.000
68 40 83.875
68 39 19.750
68 37 20.500
68 36 43.125
68 24 90.875
68 20 14.750
68 17 91.375
68 14 99.125
68 13 63.625
68 12 29.750
68 11 58.875
68 10 18.500
69 93 94.750
69 92 84.125
69 91 58.375
69 89 53.625
69 78 1.250
69 77 62.250
69 76 67.500
69 74 79.875
69 70 80.875
69 66 4.750
69 60 32.750
69 57 27.375
69 54 78.000
69 53 49.500
69 52 87.625
69 49 20.875
69 45 80.500
69 44 45.625
69 40 81.875
69 34 94.250
69 32 83.500
69 31 6.875
69 29 57.125
69 17 6.625
69 14 74.250
69 9 10.625
69 8 12.000
69 5 54.750
69 1 82.500
70 98 69.000
70 87 91.000
70 84 39.875
70 82 21.750
70 79 40.875
70 74 58.625
70 68 11.500
70 65 36.375
70 57 48.125
70 54 62.750
70 52 6.750
70 50 49.375
70 43 67.125
70 41 64.750
70 39 80.625
70 37 80.750
70 30 56.000
70 28 57.250
70 27 9.875
70 26 64.750
70 20 2.250
70 18 84.000
70 15 45.125
70 8 76.125
70 7 98.625
71 98 27.500
71 97 90.625
71 91 98.875
71 90 9.750
71 87 41.375
71 86 95.750
71 82 87.750
71 81 64.875
71 80 97.500
71 54 39.875
71 46 50.625
71 43 54.250
71 42 77.125
71 36 40.625
71 30 34.750
71 28 53.125
71 27 49.375
71 26 16.750
71 23 1.250
71 11 48.750
71 10 77.000
71 8 37.125
71 4 49.250
72 97 83.375
72 93 26.000
72 92 90.500
72 90 62.750
72 89 96.875
72 86 31.125
72 84 91.625
72 79 28.875
72 74 29.375
72 66 74.625
72 61 70.000
72 60 39.500
72 59 45.250
72 57 95.875
72 51 97.000
72 47 43.000
72 45 70.250
72 41 9.750
72 32 1.625
72 29 58.750
72 27 24.500
72 22 72.750
72 16 44.125
72 13 36.625
72 11 37.625
72 7 30.000
72 6 80.750
72 5 72.750
72 3 67.750
72 1 2.875
73 97 44.125
73 85 10.875
73 76 58.250
73 75 66.875
73 70 40.500
73 65 57.875
73 59 95.875
73 58 65.250
73 57 87.750
73 52 47.375
73 40 96.375
73 34 97.000
73 27 88.250
73 19 92.250
73 18 59.500
73 16 5.500
73 9 72.375
73 8 98.625
73 6 67.375
73 5 14.750
73 3 52.250
74 100 97.750
74 95 52.000
74 94 94.875
74 91 57.875
74 87 88.625
74 86 53.250
74 84 34.500
74 83 40.000
74 80 81.500
74 75 79.500
74 70 79.000
74 61 42.500
74 60 31.750
74 58 62.625
74 52 9.000
74 50 99.625
74 46 79.000
74 44 85.000
74 42 63.750
74 36 69.125
74 33 53.250
74 28 9.250
74 27 60.375
74 21 31.500
74 14 70.375
75 100 39.500
75 96 44.000
75 94 20.375
75 93 59.500
75 92 80.625
75 90 61.500
75 87 12.375
75 86 36.750
75 71 23.625
75 67 77.500
75 64 54.000
75 58 2.000
75 55 69.875
75 53 67.250
75 52 68.375
75 49 94.500
75 40 12.625
75 37 32.875
75 30 2.625
75 28 26.000
75 21 52.875
75 11 88.125
75 6 11.125
75 4 76.500
75 3 76.875
76 99 20.250
76 97 23.625
76 95 74.750
76 84 2.250
76 83 95.625
76 80 68.625
76 79 13.625
76 75 29.250
76 74 36.875
76 72 38.750
76 69 76.500
76 68 65.875
76 67 15.250
76 66 28.125
76 58 73.625
76 53 89.375
76 51 98.000
76 49 72.500
76 46 99.000
76 44 49.375
76 42 64.125
76 41 4.500
76 40 91.875
76 34 27.375
76 31 91.250
76 29 25.500
76 27 72.125
76 24 49.500
76 21 33.625
76 20 8.375
76 11 63.000
76 7 65.625
76 5 53.250
76 4 47.375
76 2 12.625
76 1 64.250
77 96 59.750
77 93 16.000
77 89 86.875
77 86 75.750
77 85 26.875
77 75 93.875
77 74 92.125
77 50 80.875
77 48 41.250
77 42 81.750
77 40 88.500
77 36 6.625
77 35 50.500
77 31 90.875
77 28 80.000
77 15 31.875
77 4 25.750
77 2 57.000
78 100 75.500
78 98 94.250
78 85 57.875
78 81 55.375
78 72 81.250
78 70 83.250
78 67 26.875
78 65 23.875
78 60 53.625
78 57 61.125
78 52 23.375
78 41 2.875
78 40 11.750
78 38 19.875
78 37 42.375
78 33 21.625
78 29 3.750
78 28 58.250
78 24 53.875
78 22 5.250
78 16 39.625
78 14 52.750
79 96 19.250
79 93 46.125
79 89 44.375
79 87 55.750
79 85 70.500
79 83 37.875
79 81 99.875
79 80 10.375
79 78 73.875
79 71 78.125
79 61 17.875
79 60 32.625
79 58 37.875
79 57 30.750
79 53 21.250
79 51 17.875
79 41 61.250
79 38 52.375
79 36 94.750
79 27 3.375
79 23 92.250
79 21 16.750
79 18 71.375
79 15 19.625
79 14 57.625
79 7 71.500
79 5 0.875
79 4 43.750
80 99 91.125
80 92 15.250
80 91 44.250
80 85 37.500
80 83 44.125
80 77 39.625
80 76 35.500
80 75 64.250
80 69 12.750
80 68 23.500
80 65 44.000
80 59 12.000
80 53 73.250
80 48 72.125
80 46 27.625
80 45 97.125
80 42 87.125
80 40 5.750
80 26 62.625
80 22 9.875
80 21 13.000
80 17 41.000
80 10 29.250
80 8 32.750
80 7 34.375
81 99 55.375
81 88 82.375
81 86 36.500
81 85 64.625
81 79 53.250
81 78 49.625
81 76 0.625
81 66 99.625
81 65 51.500
81 64 45.875
81 52 49.000
81 49 60.750
81 48 11.125
81 47 32.375
81 45 68.125
81 43 90.250
81 39 86.750
81 37 91.500
81 34 69.500
81 31 29.000
81 26 90.125
81 24 64.125
81 22 77.750
81 17 20.375
81 16 95.250
81 15 80.500
81 13 88.750
81 12 72.750
81 2 73.375
82 88 35.625
82 61 83.750
82 56 39.875
82 55 88.375
82 54 96.125
82 53 76.250
82 51 59.000
82 48 14.375
82 47 7.125
82 46 47.125
82 44 45.625
82 42 69.000
82 39 62.000
82 37 53.625
82 31 17.125
82 29 75.875
82 26 37.000
82 22 51.625
82 21 76.500
82 15 8.250
82 14 97.000
82 11 50.125
82 10 95.375
82 9 41.250
82 7 99.750
82 6 16.875
82 2 36.000
82 1 56.000
83 97 39.125
83 93 36.875
83 80 53.875
83 79 64.375
83 74 46.500
83 72 49.125
83 64 1.000
83 62 98.125
83 60 77.000
83 52 55.875
83 50 47.875
83 48 14.500
83 44 61.500
83 40 2.750
83 37 58.500
83 32 9.500
83 30 98.875
83 29 7.875
83 28 3.875
83 27 74.750
83 22 62.125
83 21 58.000
83 18 81.500
83 17 67.500
83 5 74.500
83 1 34.000
84 94 68.750
84 92 29.500
84 89 10.250
84 83 90.500
84 82 89.000
84 75 61.125
84 74 33.625
84 69 39.125
84 65 23.250
84 57 27.000
84 54 81.500
84 51 35.500
84 50 6.250
84 49 65.750
84 44 19.000
84 43 93.250
84 41 47.875
84 39 58.125
84 35 67.625
84 27 79.750
84 17 45.250
84 16 93.875
84 14 12.250
84 13 53.250
84 6 74.625
84 5 0.000
84 4 83.750
85 98 76.500
85 93 98.125
85 87 22.500
85 82 83.875
85 80 96.375
85 79 82.875
85 76 46.000
85 64 31.125
85 62 84.250
85 58 60.625
85 50 62.500
85 49 44.625
85 48 19.875
85 47 8.500
85 46 25.125
85 40 87.125
85 37 59.875
85 28 29.125
85 20 0.000
85 11 54.125
85 8 26.250
85 5 63.250
86 85 68.125
86 75 52.875
86 71 46.750
86 66 53.750
86 63 43.375
86 61 35.375
86 58 6.500
86 51 59.750
86 48 10.625
86 47 88.250
86 40 96.375
86 39 7.875
86 32 16.875
86 30 5.125
86 10 79.625
86 8 57.125
86 7 48.125
86 5 64.250
86 2 29.875
86 1 65.500
87 100 61.625
87 98 65.000
87 95 66.500
87 84 35.750
87 79 62.125
87 73 96.625
87 68 88.750
87 67 30.375
87 65 61.875
87 58 50.125
87 55 59.000
87 52 75.000
87 47 10.750
87 46 86.750
87 43 68.375
87 38 36.750
87 32 32.000
87 29 96.375
87 28 76.250
87 27 9.875
87 26 87.375
87 25 97.250
87 16 96.625
87 12 38.250
87 11 36.500
87 6 50.000
87 4 58.875
87 1 16.000
88 93 6.875
88 92 18.375
88 87 17.250
88 86 50.500
88 82 5.125
88 81 65.875
88 75 72.000
88 74 56.375
88 70 81.000
88 65 11.750
88 38 48.375
88 37 37.375
88 34 75.625
88 32 64.625
88 26 67.625
88 25 57.375
88 24 70.375
88 23 3.500
88 21 38.375
88 20 48.875
88 10 50.875
88 9 75.125
89 100 33.000
89 92 53.000
89 88 20.875
89 79 25.625
89 69 95.000
89 64 69.000
89 60 59.250
89 59 66.375
89 58 78.750
89 49 2.875
89 46 60.500
89 43 29.625
89 34 67.375
89 26 53.375
89 25 93.750
89 22 36.750
89 18 72.750
89 17 95.875
89 14 46.375
89 11 74.750
89 3 94.500
90 100 8.375
90 98 66.250
90 97 44.875
90 96 59.000
90 93 68.125
90 84 76.500
90 79 33.750
90 75 42.000
90 63 93.625
90 60 26.250
90 59 24.875
90 54 64.625
90 48 44.625
90 47 59.375
90 44 75.750
90 42 83.125
90 39 53.000
90 38 16.125
90 35 19.875
90 33 68.625
90 16 30.625
90 15 46.000
90 13 62.000
90 9 51.125
90 4 29.375
91 100 9.625
91 98 10.625
91 97 27.750
91 95 52.875
91 90 64.250
91 86 67.625
91 79 75.250
91 73 9.000
91 67 50.125
91 58 21.250
91 57 21.375
91 52 6.500
91 51 53.375
91 48 34.125
91 46 4.375
91 44 83.125
91 42 28.250
91 41 30.750
91 37 91.500
91 33 8.625
91 26 74.625
91 24 44.750
91 23 21.250
91 20 29.375
91 18 70.375
91 17 27.625
91 5 34.625
92 100 25.625
92 99 5.250
92 95 58.500
92 90 95.500
92 86 51.500
92 84 33.750
92 71 56.875
92 63 8.500
92 61 35.375
92 59 33.875
92 56 92.375
92 47 80.250
92 44 95.500
92 43 77.500
92 39 73.125
92 36 45.625
92 32 51.250
92 31 80.875
92 29 7.625
92 23 3.875
92 19 29.375
92 10 4.625
92 9 25.375
92 6 73.125
92 5 98.625
92 4 0.875
92 3 99.625
92 1 24.250
93 99 62.625
93 91 6.375
93 90 72.875
93 79 45.000
93 77 5.375
93 75 26.500
93 64 88.125
93 60 93.875
93 57 0.250
93 54 39.625
93 53 90.125
93 52 4.625
93 50 93.750
93 44 73.625
93 40 65.250
93 38 11.125
93 37 3.250
93 30 7.625
93 28 10.750
93 22 19.250
93 21 96.875
93 12 64.375
93 10 63.125
93 5 96.750
94 100 24.000
94 91 92.250
94 89 64.750
94 88 79.375
94 86 35.875
94 75 71.250
94 70 29.750
94 66 27.500
94 62 43.375
94 61 26.250
94 47 91.375
94 46 32.375
94 40 41.250
94 26 14.625
94 25 38.875
94 17 30.250
94 12 21.250
94 9 44.250
94 5 39.875
94 4 84.875
94 3 94.625
94 1 89.250
95 97 87.375
95 94 34.125
95 86 63.500
95 85 44.375
95 84 82.750
95 82 58.500
95 71 53.125
95 67 47.500
95 65 13.375
95 58 24.125
95 51 60.000
95 49 19.250
95 47 79.750
95 42 34.000
95 41 3.000
95 38 40.625
95 28 41.625
95 27 40.750
95 25 39.375
95 20 30.250
95 16 88.250
95 10 57.000
95 5 64.250
95 2 1.250
96 100 77.875
96 99 43.125
96 97 26.625
96 95 70.125
96 94 55.625
96 90 86.125
96 84 22.125
96 82 63.750
96 77 75.750
96 75 16.500
96 73 78.875
96 62 57.375
96 61 5.375
96 51 59.250
96 50 29.250
96 45 39.750
96 42 43.875
96 33 57.500
96 29 91.375
96 26 21.625
96 19 64.500
96 11 40.250
96 8 87.875
96 2 6.125
97 99 28.000
97 96 70.875
97 79 37.625
97 76 4.875
97 75 21.875
97 71 7.875
97 62 10.125
97 61 75.625
97 59 1.375
97 55 59.375
97 54 65.000
97 52 17.375
97 43 2.625
97 41 20.750
97 37 74.250
97 32 10.875
97 24 95.375
97 18 76.250
97 16 28.625
97 8 26.250
97 7 19.625
97 1 86.875
98 100 92.250
98 96 62.500
98 95 13.750
98 85 23.250
98 83 9.250
98 81 99.375
98 79 8.500
98 75 56.875
98 73 21.500
98 69 85.125
98 58 9.750
98 56 90.875
98 49 35.250
98 41 45.375
98 37 27.000
98 32 18.875
98 31 61.000
98 27 72.000
98 19 61.375
98 17 49.000
98 12 22.750
98 11 27.500
98 7 4.750
98 5 67.125
99 100 60.000
99 96 9.000
99 93 72.750
99 90 60.625
99 79 27.625
99 78 63.750
99 75 46.750
99 73 60.625
99 71 91.750
99 69 66.125
99 66 96.625
99 64 39.000
99 63 9.500
99 56 8.875
99 53 92.750
99 52 1.000
99 51 68.750
99 49 25.625
99 43 57.625
99 38 52.250
99 34 88.875
99 30 78.000
99 29 17.250
99 26 92.750
99 24 65.375
99 23 2.500
99 22 92.750
99 16 45.000
99 13 71.000
99 5 74.000
99 4 62.750
99 3 27.375
100 98 28.000
100 97 58.750
100 96 64.000
100 94 78.375
100 85 23.750
100 83 77.250
100 74 33.250
100 70 85.500
100 69 79.625
100 68 34.000
100 64 14.250
100 61 46.375
100 58 31.375
100 49 71.750
100 46 43.500
100 40 4.250
100 38 2.375
100 36 26.125
100 30 63.375
100 21 9.250
100 20 69.750
100 15 1.875
100 12 67.500
100 6 33.375
