dl
format=edgelist1
n=100
data:
1 96 77.750
1 94 26.750
1 92 77.375
1 90 26.625
1 86 81.875
1 85 4.250
1 83 51.250
1 77 37.875
1 73 51.000
1 68 50.750
1 67 38.250
1 55 38.875
1 53 55.125
1 51 34.625
1 48 1.750
1 42 46.000
1 41 93.125
1 35 85.500
1 31 83.625
1 28 26.625
1 24 89.250
1 21 63.875
1 14 0.375
1 11 84.625
1 6 63.125
2 100 73.375
2 96 69.125
2 93 35.000
2 90 92.500
2 88 66.750
2 86 36.250
2 82 99.625
2 73 28.000
2 69 12.625
2 65 25.625
2 56 45.000
2 51 90.875
2 31 38.625
2 29 92.625
2 27 50.875
2 25 60.500
2 19 68.375
2 18 14.250
2 16 87.500
2 13 45.375
2 12 83.375
2 11 78.375
2 9 96.375
2 8 41.625
3 98 66.750
3 96 1.875
3 94 76.875
3 88 54.625
3 84 42.000
3 80 57.875
3 78 33.625
3 75 6.625
3 72 25.000
3 69 82.500
3 61 9.375
3 54 70.750
3 53 14.250
3 43 3.500
3 40 63.750
3 33 1.375
3 32 61.000
3 31 49.625
3 26 41.250
3 16 2.375
3 13 52.125
3 7 59.375
4 96 14.250
4 89 82.375
4 85 48.125
4 83 87.000
4 82 17.875
4 78 92.750
4 76 18.875
4 75 98.000
4 67 53.750
4 61 61.125
4 60 62.875
4 56 77.875
4 54 73.750
4 49 15.250
4 47 69.250
4 40 17.250
4 30 4.000
4 26 9.000
4 25 37.125
4 24 46.000
4 18 98.250
4 12 7.625
4 10 29.125
4 8 87.125
5 100 1.750
5 95 2.125
5 84 46.375
5 79 93.875
5 76 87.125
5 72 50.750
5 63 85.625
5 60 75.500
5 43 41.500
5 32 86.000
5 28 82.125
5 26 40.375
5 25 40.750
5 21 72.625
5 16 71.875
5 3 21.125
6 98 91.375
6 97 84.875
6 93 25.250
6 90 32.250
6 87 4.375
6 83 37.500
6 81 7.750
6 68 91.750
6 62 20.000
6 56 29.625
6 55 47.500
6 42 88.375
6 33 75.500
6 20 75.500
6 19 69.500
6 18 11.000
6 17 8.750
6 9 11.625
6 4 89.125
6 2 95.250
6 1 52.250
7 97 53.375
7 96 38.500
7 93 40.125
7 90 9.000
7 83 98.500
7 80 32.000
7 78 79.500
7 77 30.000
7 75 1.625
7 69 75.375
7 67 88.000
7 66 39.750
7 62 0.125
7 59 54.000
7 56 17.125
7 54 28.250
7 52 27.250
7 50 9.375
7 48 74.500
7 47 27.375
7 45 0.125
7 38 78.875
7 35 43.000
7 34 88.750
7 31 82.000
7 29 50.125
7 28 34.875
7 27 70.875
7 25 27.250
7 19 45.875
7 10 87.625
7 6 31.750
7 5 82.875
7 4 51.375
7 2 43.500
8 100 89.250
8 98 92.250
8 96 82.875
8 91 89.125
8 88 49.000
8 76 25.250
8 75 96.875
8 73 9.375
8 72 70.250
8 71 72.375
8 62 43.125
8 58 96.500
8 57 94.500
8 50 16.500
8 48 31.500
8 45 71.125
8 43 70.000
8 41 0.750
8 40 92.750
8 31 23.625
8 26 85.000
8 25 81.625
8 23 41.375
8 19 69.250
8 11 14.750
8 6 0.750
9 98 56.875
9 97 59.000
9 87 43.375
9 86 98.000
9 85 27.500
9 80 6.125
9 78 71.500
9 76 82.750
9 74 73.125
9 71 19.000
9 70 63.375
9 69 14.875
9 59 28.750
9 57 34.625
9 55 88.625
9 51 1.625
9 41 41.000
9 38 93.375
9 34 94.000
9 31 61.750
9 22 14.375
9 20 31.500
9 11 18.500
9 6 11.750
10 99 49.250
10 96 42.625
10 95 75.625
10 91 22.375
10 90 83.625
10 88 74.125
10 81 50.250
10 67 68.875
10 63 9.375
10 55 9.875
10 52 77.250
10 46 50.500
10 45 72.875
10 43 80.250
10 34 15.625
10 33 81.125
10 31 86.250
10 26 10.750
10 20 92.500
10 14 9.000
10 6 94.750
10 3 78.250
10 2 73.875
10 1 46.875
11 99 96.625
11 90 7.500
11 88 72.875
11 85 21.625
11 75 23.125
11 72 67.125
11 63 30.125
11 62 80.375
11 60 98.875
11 57 57.375
11 56 93.625
11 48 51.250
11 45 37.125
11 41 51.250
11 38 81.500
11 36 34.250
11 34 70.750
11 31 52.375
11 29 20.500
11 24 83.750
11 21 60.125
11 20 20.125
11 17 21.750
11 15 99.375
11 7 25.000
12 97 31.250
12 95 27.125
12 80 6.500
12 74 36.375
12 73 48.125
12 71 4.000
12 69 90.000
12 61 96.750
12 57 55.375
12 53 59.375
12 48 44.125
12 46 13.875
12 45 24.500
12 44 5.375
12 42 43.750
12 37 21.000
12 22 74.125
12 6 76.500
12 2 80.000
12 1 19.750
13 99 21.375
13 90 57.250
13 84 66.250
13 83 13.750
13 79 91.125
13 76 55.375
13 75 12.375
13 72 83.250
13 71 98.875
13 69 19.875
13 67 38.500
13 66 96.500
13 61 55.125
13 59 87.375
13 58 35.125
13 51 84.500
13 47 32.750
13 46 81.250
13 40 23.875
13 37 67.625
13 33 91.500
13 30 18.000
13 25 96.375
13 24 97.625
13 20 54.000
13 18 26.750
13 8 23.000
13 5 66.125
13 4 43.500
13 2 31.750
14 96 84.375
14 92 89.875
14 88 59.000
14 86 67.625
14 78 77.375
14 53 19.625
14 52 46.250
14 49 50.625
14 45 8.875
14 44 46.750
14 39 1.375
14 37 74.625
14 35 5.125
14 31 92.125
14 30 72.375
14 27 82.000
14 24 6.125
14 22 84.625
14 16 26.750
14 12 20.125
14 8 20.500
14 6 6.750
14 4 48.000
15 95 73.500
15 90 93.250
15 82 3.875
15 80 28.625
15 78 0.000
15 77 98.750
15 76 89.500
15 70 56.375
15 68 90.625
15 66 76.500
15 59 75.125
15 57 28.625
15 53 57.875
15 51 87.000
15 50 35.500
15 46 56.375
15 44 44.750
15 40 28.375
15 38 39.125
15 35 26.000
15 30 70.875
15 29 92.500
15 28 1.250
15 23 11.500
15 20 76.000
15 17 89.250
15 14 61.625
15 7 1.375
15 5 90.625
15 2 10.375
16 99 22.125
16 95 89.625
16 92 43.875
16 89 85.250
16 86 90.875
16 82 36.875
16 78 30.375
16 68 94.000
16 67 23.875
16 66 14.250
16 52 73.000
16 51 68.625
16 49 96.625
16 36 79.500
16 33 68.250
16 30 87.875
16 28 68.000
16 26 71.875
16 24 47.250
16 19 38.750
16 15 13.125
16 6 79.000
16 5 19.875
16 3 96.000
17 94 50.125
17 83 20.375
17 81 56.625
17 77 68.500
17 73 44.375
17 72 0.750
17 62 73.500
17 50 16.750
17 47 39.000
17 46 82.500
17 41 70.375
17 35 84.250
17 34 41.250
17 27 57.750
17 15 21.000
17 13 80.500
17 9 69.875
17 6 28.375
18 100 24.625
18 99 78.375
18 98 11.750
18 97 43.125
18 93 54.125
18 91 61.500
18 90 52.250
18 88 2.625
18 87 20.875
18 80 54.625
18 77 1.000
18 69 92.625
18 68 18.500
18 66 49.500
18 59 82.250
18 55 88.375
18 53 81.875
18 52 14.500
18 46 3.250
18 44 69.000
18 35 20.375
18 31 91.375
18 26 40.875
18 20 34.250
18 13 27.250
18 12 29.125
18 8 8.125
18 6 87.625
18 3 90.500
18 2 17.000
18 1 27.000
19 97 6.500
19 94 20.625
19 90 53.500
19 88 16.375
19 87 39.625
19 85 38.125
19 81 2.250
19 75 86.250
19 71 91.000
19 66 37.125
19 62 1.500
19 61 18.125
19 58 19.625
19 56 25.500
19 44 7.000
19 39 37.625
19 38 48.500
19 34 62.000
19 33 94.125
19 32 79.000
19 29 38.875
19 28 17.250
19 22 36.250
19 20 57.750
19 15 29.250
19 13 36.500
19 11 65.625
19 8 48.875
19 7 10.750
19 1 32.750
20 100 82.000
20 95 45.375
20 86 14.500
20 85 50.625
20 72 2.750
20 69 42.625
20 63 0.250
20 56 36.375
20 51 94.750
20 48 73.750
20 44 99.500
20 31 82.875
20 30 59.625
20 26 33.250
20 19 73.000
20 13 51.625
20 11 98.000
20 9 81.500
20 3 73.375
20 2 63.875
20 1 18.375
21 100 75.500
21 97 82.125
21 95 53.375
21 92 52.375
21 84 36.625
21 76 59.000
21 73 90.250
21 71 45.500
21 69 23.375
21 65 23.875
21 63 25.375
21 46 9.500
21 43 86.375
21 42 97.625
21 40 75.250
21 38 56.125
21 34 37.375
21 31 10.250
21 29 4.875
21 24 22.375
21 18 55.625
21 15 19.000
21 3 54.375
22 99 25.000
22 98 73.750
22 97 49.875
22 96 33.625
22 94 57.625
22 93 16.250
22 92 44.875
22 91 1.875
22 80 60.000
22 77 96.375
22 75 95.000
22 72 35.625
22 59 72.750
22 58 82.125
22 57 14.500
22 52 1.375
22 50 18.875
22 46 81.625
22 45 84.625
22 27 30.000
22 25 9.500
22 13 47.875
22 12 66.375
22 6 39.375
22 2 54.500
23 100 36.500
23 96 75.500
23 92 6.625
23 79 6.750
23 71 68.500
23 70 66.875
23 69 94.750
23 67 10.375
23 64 28.625
23 63 44.875
23 62 27.750
23 55 22.500
23 54 51.125
23 44 39.500
23 28 11.500
23 27 27.250
23 21 64.875
23 8 20.250
24 99 91.250
24 98 0.500
24 97 12.875
24 94 93.375
24 91 31.625
24 86 58.875
24 85 75.750
24 82 70.250
24 66 15.750
24 60 37.250
24 55 3.500
24 53 76.500
24 52 52.250
24 51 40.375
24 42 31.500
24 37 94.375
24 32 23.500
24 31 27.000
24 30 46.875
24 29 56.000
24 23 31.125
24 20 72.375
24 13 55.375
24 12 27.875
24 9 62.125
24 8 66.750
24 7 45.750
24 1 82.250
25 99 48.875
25 98 44.375
25 95 8.375
25 89 78.875
25 86 44.000
25 83 9.250
25 78 29.375
25 73 3.000
25 51 71.625
25 49 26.375
25 46 17.250
25 43 95.500
25 37 18.875
25 28 93.250
25 26 45.250
25 24 13.750
25 14 21.125
25 12 89.375
25 4 18.375
25 2 48.000
26 100 28.250
26 96 46.250
26 92 4.125
26 90 20.750
26 86 94.875
26 84 33.125
26 79 96.375
26 68 4.125
26 67 83.375
26 66 9.125
26 62 10.875
26 61 25.750
26 56 92.875
26 53 65.625
26 49 48.125
26 47 5.125
26 46 74.000
26 44 97.625
26 43 5.375
26 36 36.250
26 35 15.625
26 34 12.250
26 25 43.000
26 24 25.250
26 22 76.250
26 17 67.625
26 16 66.375
26 7 10.750
26 6 18.750
27 100 18.375
27 97 23.250
27 93 40.625
27 92 91.875
27 90 15.750
27 84 83.000
27 82 75.250
27 81 17.750
27 62 83.750
27 61 93.000
27 58 7.750
27 51 0.875
27 43 72.375
27 42 82.375
27 41 66.125
27 40 50.625
27 34 47.375
27 33 97.250
27 32 5.375
27 25 17.500
27 24 0.125
27 21 97.250
27 19 51.000
27 11 61.625
27 7 39.750
27 4 13.125
28 100 65.250
28 95 65.625
28 93 24.000
28 88 65.125
28 80 1.875
28 79 16.750
28 78 74.375
28 75 55.125
28 73 74.875
28 72 41.625
28 65 51.500
28 62 21.750
28 49 80.250
28 47 10.000
28 39 59.375
28 36 33.500
28 34 88.375
28 26 17.500
28 24 99.000
28 22 27.500
28 13 42.500
28 10 45.000
29 100 86.375
29 98 87.375
29 95 90.500
29 91 91.000
29 90 89.000
29 87 43.000
29 83 80.875
29 76 99.000
29 68 87.250
29 62 79.750
29 57 10.000
29 56 32.875
29 49 19.375
29 48 4.000
29 45 75.500
29 40 0.125
29 36 2.000
29 27 44.750
29 19 67.875
29 13 78.375
29 7 30.375
29 6 7.875
29 2 39.750
30 97 61.500
30 92 65.000
30 88 56.750
30 86 69.750
30 82 25.375
30 81 25.125
30 76 17.375
30 71 45.250
30 70 19.625
30 64 86.875
30 63 38.250
30 58 22.250
30 57 16.375
30 56 54.750
30 40 0.000
30 25 47.750
30 20 84.125
30 15 57.250
30 13 11.625
30 11 22.500
30 10 99.750
30 3 77.125
31 100 38.625
31 98 9.875
31 93 17.625
31 92 46.500
31 91 36.625
31 89 14.500
31 88 43.750
31 87 58.500
31 86 34.500
31 83 42.250
31 78 41.125
31 76 53.750
31 75 5.875
31 65 23.375
31 64 48.000
31 63 69.625
31 53 87.250
31 50 58.875
31 49 90.000
31 48 67.500
31 43 56.250
31 42 53.000
31 35 24.000
31 30 29.750
31 6 70.875
31 5 53.250
32 97 61.000
32 93 18.500
32 85 55.375
32 82 74.625
32 81 89.625
32 75 53.000
32 74 46.125
32 67 25.250
32 64 99.500
32 61 42.500
32 59 23.125
32 44 52.875
32 42 8.875
32 39 81.000
32 37 0.000
32 36 19.250
32 35 84.750
32 34 12.750
32 29 10.250
32 26 30.875
32 25 86.125
32 20 21.125
32 16 81.000
32 13 57.750
32 11 21.125
32 9 6.625
32 7 23.875
32 5 89.250
33 97 15.875
33 96 29.375
33 86 38.375
33 84 1.250
33 82 3.375
33 79 16.750
33 77 98.000
33 67 51.250
33 66 14.000
33 64 30.500
33 63 37.125
33 61 97.875
33 59 91.625
33 56 18.750
33 51 88.250
33 50 8.250
33 43 83.375
33 41 45.750
33 40 39.250
33 25 40.875
33 15 37.625
33 11 33.000
33 10 50.250
33 6 84.625
33 4 39.250
33 1 4.000
34 99 36.125
34 95 60.625
34 94 2.875
34 89 33.750
34 87 59.000
34 85 57.375
34 82 94.625
34 79 24.000
34 73 67.500
34 68 18.000
34 64 12.750
34 62 69.875
34 59 87.125
34 58 99.125
34 47 21.750
34 43 41.125
34 39 42.875
34 27 99.625
34 23 97.125
34 20 20.875
34 18 91.375
34 13 77.750
34 9 30.250
34 8 89.750
34 7 90.625
35 100 4.875
35 94 78.000
35 93 65.625
35 89 74.500
35 81 56.125
35 80 57.750
35 78 57.750
35 75 80.625
35 74 48.000
35 62 51.875
35 61 82.875
35 55 0.000
35 54 55.000
35 41 25.750
35 40 34.625
35 38 46.000
35 37 24.500
35 36 11.250
35 34 36.500
35 33 1.625
35 28 73.000
35 27 95.125
35 26 12.375
35 25 67.125
35 17 69.125
35 15 66.125
35 14 36.625
35 7 19.625
35 6 97.875
35 5 67.250
36 96 40.625
36 93 11.625
36 90 45.500
36 89 22.625
36 85 13.000
36 72 34.500
36 65 23.000
36 55 37.500
36 52 9.125
36 51 29.250
36 48 50.750
36 46 7.125
36 33 70.750
36 19 43.500
36 18 78.750
36 11 13.000
36 9 81.125
36 6 41.375
36 5 58.625
36 2 62.750
37 100 92.875
37 99 36.625
37 95 57.625
37 93 28.250
37 83 24.875
37 81 85.750
37 80 83.250
37 78 39.750
37 71 65.625
37 70 47.875
37 68 86.875
37 67 75.875
37 62 8.000
37 61 39.000
37 56 56.000
37 53 53.625
37 46 61.000
37 44 55.750
37 41 42.500
37 40 38.625
37 25 87.125
37 16 8.500
37 13 4.750
37 11 82.000
37 10 12.500
37 8 99.375
38 100 41.250
38 98 63.500
38 90 88.750
38 88 26.625
38 80 80.375
38 78 13.250
38 77 56.625
38 76 77.625
38 75 98.750
38 73 84.375
38 71 56.625
38 70 65.750
38 68 10.250
38 63 6.750
38 60 55.375
38 59 15.000
38 53 83.125
38 52 43.375
38 51 27.750
38 39 54.750
38 31 68.500
38 30 13.125
38 26 86.375
38 25 62.500
38 18 51.000
38 15 35.750
38 14 18.625
38 8 52.250
39 98 18.375
39 97 21.000
39 96 34.125
39 85 91.000
39 81 71.750
39 73 98.500
39 72 30.000
39 71 94.250
39 70 4.375
39 68 76.000
39 64 32.125
39 58 74.375
39 56 23.125
39 36 54.125
39 35 73.875
39 32 63.625
39 31 51.250
39 26 89.750
39 21 23.750
39 18 12.625
39 2 68.625
40 100 6.625
40 95 63.125
40 92 6.000
40 89 2.125
40 88 12.000
40 86 7.250
40 84 97.000
40 80 67.375
40 64 88.875
40 62 4.750
40 61 24.125
40 59 82.375
40 55 26.625
40 54 25.625
40 53 77.000
40 46 95.125
40 41 84.000
40 36 41.750
40 35 96.625
40 26 42.125
40 17 80.625
40 13 57.750
40 12 23.000
40 5 26.750
40 1 9.250
41 96 53.750
41 93 30.375
41 92 77.250
41 90 21.625
41 87 77.750
41 82 93.000
41 81 91.875
41 77 56.625
41 76 67.875
41 72 12.625
41 71 42.875
41 70 55.500
41 69 99.625
41 67 92.875
41 65 92.250
41 63 34.750
41 49 60.625
41 48 71.875
41 47 71.000
41 45 6.750
41 43 0.500
41 31 68.875
41 30 61.125
41 27 20.000
41 24 70.750
41 23 90.750
41 22 70.875
41 21 6.250
41 19 43.000
41 6 63.750
41 5 39.500
42 98 42.500
42 96 57.500
42 95 28.750
42 92 61.750
42 91 76.625
42 90 39.000
42 88 16.500
42 86 59.125
42 84 15.250
42 82 68.500
42 77 85.000
42 71 44.000
42 70 68.500
42 67 22.500
42 65 57.375
42 63 43.750
42 61 46.625
42 60 68.000
42 52 66.125
42 38 13.500
42 36 97.125
42 33 78.250
42 28 41.750
42 23 1.375
42 17 82.000
42 13 16.375
42 8 38.375
42 4 70.375
43 95 71.625
43 93 2.125
43 90 39.750
43 89 59.375
43 85 37.375
43 80 22.375
43 78 29.875
43 76 8.375
43 71 50.250
43 68 7.125
43 62 93.500
43 55 92.375
43 53 21.375
43 52 62.375
43 51 0.625
43 40 13.750
43 38 70.500
43 37 87.375
43 36 59.000
43 31 70.875
43 28 61.250
43 27 41.125
43 13 50.000
44 99 9.125
44 88 3.625
44 84 18.000
44 75 54.875
44 73 59.500
44 70 68.250
44 66 77.000
44 60 73.875
44 56 59.625
44 54 99.875
44 50 45.500
44 49 69.875
44 47 33.875
44 41 53.500
44 36 51.250
44 35 68.125
44 31 51.250
44 26 25.375
44 10 69.750
45 98 32.000
45 85 34.625
45 82 11.750
45 78 99.500
45 77 50.625
45 71 63.625
45 70 84.500
45 65 79.750
45 64 11.125
45 63 23.250
45 60 26.250
45 57 70.500
45 51 42.250
45 50 86.375
45 41 52.625
45 40 28.875
45 35 33.875
45 21 81.875
45 18 98.875
45 17 68.625
45 13 60.000
45 11 56.250
45 10 26.000
45 8 8.000
45 4 31.500
46 99 87.375
46 96 24.375
46 89 66.875
46 77 31.250
46 72 0.250
46 66 39.250
46 64 12.125
46 63 9.375
46 62 87.000
46 60 20.875
46 59 58.500
46 43 80.125
46 42 19.875
46 41 85.375
46 36 66.000
46 35 55.250
46 32 28.375
46 31 74.750
46 23 16.875
46 19 65.000
46 15 93.625
46 14 23.875
46 6 47.375
46 5 84.125
46 4 62.375
47 99 83.000
47 97 13.250
47 87 76.750
47 83 94.375
47 81 21.875
47 79 6.625
47 73 67.000
47 67 30.875
47 65 23.750
47 62 65.000
47 59 72.375
47 57 15.250
47 56 29.875
47 55 63.875
47 51 6.875
47 50 12.875
47 49 41.125
47 48 88.875
47 45 72.500
47 41 87.500
47 37 57.125
47 36 12.500
47 24 3.750
47 21 64.625
47 19 40.125
47 18 43.375
47 4 65.250
47 2 48.750
48 98 64.000
48 95 8.500
48 93 86.625
48 90 5.375
48 88 60.125
48 87 40.875
48 82 38.875
48 79 53.750
48 77 67.250
48 72 21.750
48 70 66.375
48 56 33.750
48 53 86.500
48 44 55.250
48 31 26.500
48 29 74.125
48 26 59.625
48 21 64.250
48 20 55.000
48 14 53.375
48 6 52.250
49 98 86.250
49 96 85.125
49 94 96.500
49 89 88.000
49 88 13.875
49 82 16.500
49 73 1.125
49 70 92.125
49 69 45.250
49 62 52.125
49 61 31.250
49 59 76.125
49 57 33.375
49 51 97.625
49 46 43.125
49 38 53.875
49 34 89.000
49 28 27.750
49 18 76.375
49 12 25.250
49 6 84.750
50 100 0.875
50 94 69.875
50 88 5.375
50 87 64.375
50 82 45.250
50 80 80.500
50 76 29.500
50 73 12.250
50 69 93.375
50 60 73.875
50 57 64.750
50 51 70.000
50 47 16.500
50 41 11.625
50 40 89.375
50 36 30.000
50 29 49.250
50 27 80.125
50 26 59.250
50 7 92.500
50 6 78.750
50 3 69.125
51 100 1.125
51 97 43.750
51 91 20.250
51 86 22.125
51 85 42.375
51 83 97.375
51 75 34.875
51 74 24.750
51 72 17.875
51 68 97.625
51 66 25.250
51 64 26.625
51 62 44.875
51 61 35.250
51 54 82.375
51 50 6.875
51 45 25.000
51 43 89.250
51 41 61.500
51 40 81.625
51 37 88.125
51 36 67.125
51 32 69.000
51 31 97.875
51 29 88.125
51 27 16.000
51 26 13.875
51 24 55.625
51 23 27.750
51 21 26.875
51 20 89.750
51 14 32.000
51 12 79.750
51 10 9.750
51 8 72.000
51 4 58.125
52 93 0.625
52 92 27.500
52 83 98.750
52 80 79.875
52 79 5.000
52 75 85.750
52 72 59.625
52 70 11.000
52 65 86.500
52 59 81.375
52 57 12.125
52 51 26.750
52 46 48.500
52 43 87.875
52 32 69.250
52 29 83.500
52 24 19.875
52 21 12.875
52 19 69.000
52 14 7.125
52 13 28.500
52 6 15.125
52 1 43.000
53 100 86.375
53 99 12.875
53 97 46.375
53 94 18.500
53 92 18.000
53 89 12.625
53 88 83.250
53 86 86.625
53 75 66.500
53 73 57.875
53 70 0.500
53 65 18.500
53 63 96.500
53 58 74.125
53 57 8.000
53 48 32.375
53 43 68.875
53 39 21.875
53 36 71.125
53 32 66.500
53 30 19.500
53 24 75.750
53 23 96.750
53 16 95.500
53 12 69.625
53 7 47.000
53 6 47.500
53 4 30.125
53 2 25.000
54 98 66.750
54 97 16.875
54 90 98.250
54 88 67.875
54 83 67.250
54 82 15.625
54 79 90.000
54 78 23.500
54 69 44.000
54 66 30.375
54 64 39.750
54 44 53.375
54 38 60.000
54 32 72.000
54 25 8.875
54 15 79.750
54 12 96.625
54 6 65.750
55 100 34.875
55 83 29.125
55 82 68.125
55 73 16.750
55 66 8.625
55 62 65.250
55 59 85.500
55 57 35.000
55 51 85.500
55 45 74.250
55 39 1.875
55 32 50.375
55 31 59.000
55 24 81.000
55 23 55.625
55 21 91.000
55 18 27.125
55 15 41.500
55 4 96.625
56 94 9.000
56 91 67.750
56 90 69.375
56 89 94.375
56 83 63.375
56 79 21.750
56 77 45.250
56 68 43.500
56 67 20.250
56 65 91.250
56 62 93.375
56 60 51.875
56 59 79.500
56 50 51.375
56 47 39.875
56 42 28.875
56 38 87.125
56 37 41.500
56 31 30.125
56 29 6.375
56 26 62.000
56 21 90.000
56 20 57.250
56 18 48.250
56 8 5.875
56 6 37.625
56 4 53.375
57 91 69.125
57 87 65.125
57 82 46.375
57 75 54.875
57 74 39.875
57 70 12.500
57 68 23.750
57 67 46.750
57 53 67.125
57 43 16.500
57 39 74.625
57 37 71.000
57 35 61.750
57 34 66.500
57 23 84.750
57 17 44.125
57 15 76.375
57 14 98.750
57 13 9.250
58 91 0.750
58 87 7.250
58 81 75.375
58 80 48.750
58 68 88.625
58 51 33.125
58 49 48.375
58 46 37.000
58 45 9.250
58 38 95.000
58 36 64.500
58 33 97.000
58 29 10.250
58 28 84.750
58 26 33.750
58 22 99.750
58 19 62.875
58 14 31.000
58 13 61.375
58 11 38.875
58 7 97.375
58 5 51.000
58 4 0.750
58 3 84.000
59 100 56.875
59 97 15.625
59 95 40.875
59 94 71.000
59 87 2.875
59 85 10.000
59 82 60.125
59 74 48.750
59 73 74.750
59 72 8.125
59 69 93.125
59 63 92.750
59 52 38.625
59 51 58.750
59 42 5.375
59 41 45.250
59 37 69.125
59 31 69.875
59 23 38.000
59 22 66.250
59 2 47.125
60 95 39.875
60 92 89.750
60 87 23.875
60 86 56.000
60 74 67.250
60 73 40.000
60 61 82.375
60 55 26.500
60 54 79.750
60 49 54.000
60 39 59.000
60 35 19.625
60 25 79.125
60 24 14.625
60 22 57.750
60 21 19.125
60 15 2.250
60 14 64.625
60 13 90.000
60 3 57.000
61 99 4.750
61 97 34.500
61 82 33.750
61 81 35.000
61 80 18.625
61 79 91.375
61 77 93.250
61 76 47.500
61 75 46.500
61 71 96.500
61 68 8.625
61 53 98.125
61 52 67.500
61 51 36.250
61 50 64.500
61 34 76.875
61 33 76.375
61 32 68.375
61 26 58.500
61 24 55.250
61 23 81.625
61 16 2.375
61 15 61.875
61 12 56.375
61 3 19.375
61 2 3.250
62 100 11.250
62 96 61.375
62 93 87.625
62 89 63.125
62 86 20.375
62 85 20.375
62 68 23.375
62 67 53.000
62 45 99.250
62 43 99.875
62 42 91.625
62 40 66.750
62 39 46.500
62 38 57.250
62 36 58.875
62 34 3.125
62 31 25.000
62 23 99.250
62 19 24.750
62 17 36.875
62 14 98.375
62 12 55.750
62 11 24.000
62 3 89.500
62 1 98.000
63 97 64.625
63 95 3.875
63 93 58.000
63 92 62.375
63 88 63.250
63 84 44.500
63 81 56.750
63 75 9.250
63 74 60.625
63 72 45.875
63 59 40.125
63 57 19.250
63 56 7.500
63 55 97.000
63 43 60.125
63 42 97.625
63 36 10.375
63 35 20.750
63 32 61.875
63 28 20.500
63 27 87.250
63 25 60.375
63 24 77.875
63 23 60.750
63 18 54.875
63 12 98.375
63 10 35.125
63 9 72.125
63 4 26.875
63 3 1.750
64 99 57.250
64 97 70.375
64 95 80.875
64 93 41.375
64 92 27.500
64 91 4.500
64 86 0.000
64 81 6.750
64 79 18.375
64 77 86.875
64 75 89.375
64 74 16.625
64 72 57.250
64 59 74.500
64 56 88.375
64 54 31.375
64 41 48.375
64 40 65.250
64 38 19.750
64 34 35.625
64 30 36.875
64 29 33.875
64 28 18.125
64 23 12.750
64 22 79.875
64 21 66.375
64 10 86.750
64 8 23.500
64 7 4.250
64 5 59.750
64 1 28.000
65 99 38.000
65 98 2.375
65 94 25.750
65 90 51.750
65 89 32.375
65 85 32.750
65 83 11.500
65 82 51.625
65 70 7.250
65 67 62.625
65 63 77.250
65 59 21.250
65 53 69.875
65 52 8.000
65 45 18.750
65 38 71.250
65 25 75.375
65 23 99.750
65 9 67.750
65 8 68.875
65 7 32.875
65 5 32.875
65 4 66.375
65 1 75.625
66 98 19.250
66 97 53.250
66 92 28.125
66 90 33.250
66 78 67.625
66 77 13.250
66 73 21.750
66 69 93.625
66 67 94.750
66 58 79.875
66 56 33.875
66 55 62.875
66 53 29.875
66 52 77.750
66 44 98.875
66 41 24.500
66 39 40.500
66 33 48.250
66 31 33.000
66 27 96.250
66 26 8.000
66 25 52.250
66 19 85.750
66 13 51.500
66 9 15.125
66 7 68.750
66 3 52.500
67 91 7.500
67 89 47.875
67 87 83.000
67 83 61.375
67 82 67.375
67 79 41.875
67 73 99.875
67 69 45.375
67 68 59.625
67 63 92.125
67 60 25.375
67 55 79.250
67 41 27.875
67 40 78.625
67 35 88.750
67 24 57.500
67 23 98.125
67 22 18.375
67 21 40.750
67 8 86.750
68 92 76.875
68 85 99.625
68 78 65.750
68 77 24.125
68 76 87.750
68 73 90.000
68 64 18.000
68 63 90.625
68 61 36.375
68 58 95.375
68 53 54.000
68 52 95.125
68 47 15.625
68 44 51.750
68 27 10.875
68 23 60.625
68 15 9.875
68 13 2.375
68 10 1.250
68 9 71.375
68 8 66.500
68 7 50.625
68 6 33.625
69 100 26.875
69 96 26.125
69 83 62.375
69 81 44.625
69 75 1.500
69 70 59.750
69 68 43.250
69 66 43.750
69 62 99.625
69 60 6.500
69 58 1.625
69 54 47.375
69 52 93.875
69 50 27.500
69 48 76.750
69 46 99.500
69 41 26.125
69 38 40.000
69 37 64.500
69 30 4.625
69 29 66.250
69 27 50.750
69 25 77.250
69 24 43.625
69 23 76.625
69 20 65.000
69 4 15.375
69 3 89.250
70 99 83.875
70 91 78.250
70 81 26.250
70 80 88.250
70 79 52.375
70 76 74.000
70 74 62.500
70 67 39.125
70 64 29.125
70 62 61.625
70 57 29.500
70 55 8.875
70 50 68.625
70 48 65.125
70 45 69.625
70 40 67.500
70 38 80.875
70 35 17.625
70 34 20.500
70 28 96.000
70 27 3.375
70 26 36.625
70 23 37.375
70 22 30.625
70 9 31.250
70 3 78.125
71 97 44.375
71 93 2.250
71 88 68.750
71 86 60.625
71 84 72.125
71 67 29.500
71 64 49.000
71 63 82.625
71 62 8.000
71 60 88.500
71 54 57.500
71 53 4.625
71 52 31.750
71 51 72.625
71 46 39.750
71 42 86.250
71 40 95.375
71 32 34.375
71 31 70.625
71 29 14.250
71 26 80.125
71 23 29.875
71 18 90.750
71 11 22.250
71 6 56.375
71 2 75.750
71 1 58.000
72 100 37.125
72 93 92.625
72 92 0.375
72 89 88.250
72 80 44.750
72 76 77.875
72 70 63.000
72 66 93.750
72 61 93.750
72 60 13.875
72 59 68.750
72 57 6.125
72 50 47.250
72 48 6.500
72 43 41.500
72 41 22.125
72 37 64.000
72 35 62.500
72 27 46.500
72 26 40.625
72 25 40.375
72 22 43.375
72 20 19.375
72 17 73.750
72 14 1.375
72 10 69.125
72 4 39.500
72 1 80.500
73 90 88.375
73 88 88.000
73 75 14.000
73 74 10.125
73 72 24.375
73 71 1.375
73 64 0.375
73 59 21.125
73 57 53.250
73 49 69.000
73 44 10.875
73 36 42.500
73 33 67.750
73 32 92.625
73 24 78.500
73 22 41.375
73 18 2.375
73 16 9.625
73 12 96.250
73 5 89.625
73 4 35.500
74 99 65.375
74 95 7.250
74 92 29.500
74 89 41.000
74 87 81.375
74 83 45.625
74 82 30.500
74 79 36.875
74 78 93.500
74 73 14.125
74 70 36.000
74 69 97.875
74 66 59.625
74 64 35.375
74 58 47.375
74 45 24.625
74 44 46.125
74 40 24.125
74 35 34.000
74 30 99.750
74 28 50.375
74 27 40.875
74 26 93.750
74 24 36.250
74 18 68.625
74 16 56.250
74 14 82.375
74 12 50.250
74 9 42.750
74 3 26.375
74 2 79.750
75 100 22.250
75 96 65.625
75 90 98.875
75 86 21.500
75 85 89.125
75 82 96.375
75 70 85.125
75 60 32.125
75 59 8.250
75 56 73.000
75 50 99.375
75 40 90.750
75 36 12.625
75 31 33.000
75 29 26.875
75 28 41.625
75 25 88.375
75 22 69.000
75 20 3.500
75 19 39.375
75 17 32.125
75 9 83.000
75 8 5.875
75 5 64.375
75 3 33.875
76 96 47.125
76 94 29.125
76 92 83.125
76 91 45.000
76 84 20.375
76 81 76.125
76 78 78.875
76 71 18.000
76 68 42.625
76 62 74.500
76 59 86.125
76 56 68.875
76 53 56.000
76 51 50.375
76 48 17.125
76 45 14.000
76 44 67.500
76 35 4.375
76 30 19.250
76 28 90.000
76 22 57.750
76 15 94.250
76 13 75.000
76 12 29.875
76 5 29.125
76 2 71.625
77 96 69.500
77 92 19.875
77 91 22.625
77 90 29.750
77 89 70.625
77 87 82.875
77 85 16.375
77 82 9.250
77 81 29.000
77 78 57.375
77 67 83.000
77 64 87.625
77 62 66.500
77 49 91.125
77 45 97.750
77 42 63.375
77 38 21.125
77 32 63.500
77 28 89.250
77 26 62.625
77 21 53.875
77 18 99.000
77 17 77.500
77 8 51.375
77 3 26.625
77 1 91.250
78 96 73.750
78 92 85.375
78 90 12.125
78 89 68.000
78 87 89.375
78 79 8.500
78 74 28.000
78 73 4.500
78 67 73.250
78 66 0.750
78 59 99.125
78 45 14.500
78 43 20.250
78 42 36.750
78 40 22.000
78 39 75.500
78 30 17.125
78 27 38.750
78 23 96.250
78 18 5.375
78 16 39.375
78 4 74.625
78 3 25.375
78 1 73.375
79 100 92.750
79 99 20.875
79 97 7.125
79 89 73.125
79 86 34.000
79 78 0.125
79 77 79.125
79 75 91.250
79 73 95.125
79 65 15.125
79 62 30.625
79 58 53.375
79 57 3.750
79 56 13.125
79 51 96.000
79 48 90.875
79 45 82.375
79 42 9.875
79 37 87.500
79 26 66.375
79 24 62.875
79 23 40.000
79 22 35.250
79 18 95.500
79 7 19.625
79 1 3.375
80 99 96.375
80 96 95.500
80 95 49.375
80 91 38.625
80 90 21.250
80 88 11.375
80 77 49.750
80 74 33.625
80 72 13.250
80 71 11.875
80 62 52.625
80 57 3.375
80 53 35.250
80 51 15.750
80 39 55.000
80 37 49.250
80 32 65.375
80 26 4.875
80 24 68.500
80 22 97.375
80 21 44.750
80 19 85.750
80 17 22.250
80 12 58.125
80 4 64.250
80 2 71.875
81 100 7.125
81 99 38.375
81 98 0.000
81 91 31.125
81 87 41.875
81 77 29.500
81 67 81.625
81 56 0.125
81 51 30.000
81 49 0.500
81 47 63.875
81 43 36.375
81 39 64.875
81 38 86.750
81 36 37.500
81 35 78.625
81 33 35.750
81 29 29.375
81 27 36.625
81 24 2.500
81 14 49.125
81 13 95.125
81 12 72.625
81 10 61.250
82 100 36.375
82 96 12.750
82 94 73.000
82 89 69.375
82 81 51.375
82 77 34.125
82 73 87.750
82 65 18.875
82 63 78.625
82 57 64.250
82 47 87.750
82 44 20.500
82 43 42.000
82 41 48.125
82 40 53.875
82 36 93.500
82 32 88.000
82 25 60.625
82 21 32.250
82 19 93.875
82 18 82.750
82 17 74.625
82 14 70.625
82 12 91.625
82 7 14.750
82 6 96.000
83 96 30.875
83 94 97.375
83 86 99.125
83 82 8.375
83 70 52.750
83 69 33.375
83 63 56.250
83 62 25.875
83 57 26.250
83 56 86.500
83 54 48.875
83 52 36.375
83 51 41.375
83 50 79.250
83 49 47.125
83 41 40.750
83 31 25.375
83 30 12.500
83 28 39.000
83 20 17.750
83 14 43.375
83 13 82.500
83 12 91.750
83 8 24.875
84 100 34.125
84 99 32.250
84 96 73.500
84 94 77.500
84 93 98.375
84 91 28.500
84 81 85.750
84 71 42.250
84 68 79.500
84 66 69.750
84 63 94.000
84 60 20.750
84 57 99.500
84 54 74.125
84 52 99.875
84 44 9.750
84 36 1.500
84 35 62.375
84 28 74.250
84 25 32.125
84 22 34.000
84 16 77.750
84 7 2.125
84 4 4.375
85 83 76.875
85 82 33.000
85 81 90.250
85 80 98.375
85 74 30.625
85 72 9.625
85 66 32.500
85 63 4.250
85 58 2.125
85 56 48.000
85 53 42.625
85 50 21.000
85 39 14.250
85 32 54.125
85 30 15.625
85 29 46.125
85 20 31.625
85 18 58.000
85 16 80.500
85 8 29.250
85 1 16.625
86 100 86.500
86 87 1.750
86 84 39.500
86 83 5.625
86 76 47.125
86 71 76.875
86 69 15.250
86 65 43.625
86 62 62.250
86 61 24.500
86 57 97.500
86 45 2.375
86 40 62.125
86 28 76.750
86 23 76.750
86 17 53.250
86 15 57.625
86 10 1.750
86 9 55.625
86 7 22.500
86 5 91.625
86 3 8.750
87 91 9.875
87 86 14.500
87 83 59.000
87 77 77.875
87 71 27.250
87 69 14.250
87 68 1.000
87 67 28.875
87 63 7.250
87 60 96.750
87 57 33.000
87 49 9.750
87 48 12.875
87 47 70.500
87 38 62.625
87 31 71.375
87 24 89.750
87 16 77.000
87 15 76.500
87 7 25.250
87 4 41.625
87 3 81.625
88 93 63.750
88 90 82.625
88 86 32.375
88 80 78.250
88 78 14.250
88 77 73.750
88 75 23.875
88 74 72.125
88 72 82.875
88 61 52.875
88 56 64.000
88 55 24.500
88 54 55.875
88 53 32.875
88 51 38.500
88 50 1.250
88 48 6.750
88 42 65.250
88 37 68.125
88 32 74.625
88 29 94.375
88 25 94.375
88 19 1.250
88 6 64.000
89 98 71.125
89 96 1.625
89 88 18.250
89 86 85.500
89 80 59.250
89 77 24.750
89 76 40.375
89 75 46.250
89 74 69.375
89 72 29.750
89 67 3.125
89 61 42.625
89 59 2.000
89 58 21.375
89 56 97.375
89 55 31.000
89 52 6.625
89 51 23.000
89 49 21.750
89 47 21.875
89 43 5.375
89 41 89.250
89 35 10.125
89 33 86.250
89 32 84.625
89 31 80.875
89 29 1.125
89 21 85.000
89 20 16.000
89 19 25.125
89 17 61.250
89 6 79.625
89 3 96.625
89 2 87.000
90 96 59.625
90 94 19.375
90 93 85.375
90 86 16.875
90 85 53.250
90 84 52.875
90 83 70.625
90 79 38.375
90 72 40.250
90 69 33.500
90 68 67.875
90 50 37.500
90 42 50.875
90 37 38.750
90 32 17.375
90 31 30.375
90 30 18.750
90 26 20.500
90 15 69.375
90 13 51.000
90 6 55.750
91 97 76.125
91 96 12.750
91 84 78.750
91 82 68.250
91 81 64.000
91 77 89.500
91 73 83.625
91 62 20.750
91 59 10.375
91 58 15.750
91 53 21.125
91 49 8.625
91 43 44.750
91 39 27.875
91 36 23.125
91 35 14.375
91 29 36.500
91 28 72.750
91 26 6.750
91 13 82.250
91 3 94.000
91 1 65.875
92 97 71.500
92 96 32.500
92 88 1.125
92 86 91.500
92 81 42.625
92 78 97.875
92 77 4.875
92 74 38.125
92 69 22.750
92 68 22.500
92 65 9.500
92 63 22.250
92 62 0.875
92 60 68.000
92 59 7.125
92 56 66.625
92 53 25.875
92 45 94.750
92 44 21.625
92 38 32.875
92 37 20.875
92 33 9.500
92 30 46.750
92 27 86.625
92 18 54.375
92 17 88.750
92 13 64.000
92 12 9.000
92 3 99.875
92 1 59.125
93 99 73.125
93 92 20.750
93 90 96.250
93 89 88.125
93 81 5.500
93 77 1.875
93 76 86.250
93 75 29.375
93 68 24.500
93 63 91.750
93 58 66.375
93 45 9.500
93 40 26.125
93 38 56.750
93 27 48.375
93 24 94.500
93 23 76.000
93 19 96.875
93 15 69.250
93 12 72.250
94 96 47.250
94 93 9.000
94 86 31.000
94 79 39.125
94 74 18.125
94 73 1.250
94 70 38.250
94 65 38.875
94 63 31.625
94 58 43.625
94 42 95.500
94 36 61.000
94 28 13.500
94 22 48.000
94 14 8.500
94 12 20.375
94 6 22.875
94 1 59.375
95 100 79.375
95 82 88.500
95 81 93.500
95 80 71.000
95 71 86.125
95 67 82.375
95 66 79.875
95 65 30.375
95 59 3.500
95 42 66.250
95 38 37.000
95 36 91.750
95 35 77.500
95 34 88.000
95 31 10.625
95 27 80.625
95 25 70.875
95 22 68.125
95 18 92.500
95 16 45.125
95 14 36.125
95 11 97.250
95 9 62.250
95 8 45.500
95 6 98.250
95 5 52.625
95 3 8.375
96 99 91.500
96 95 58.125
96 89 66.375
96 88 42.750
96 87 55.375
96 85 25.125
96 82 91.875
96 75 50.000
96 73 34.875
96 70 81.000
96 68 58.500
96 63 30.125
96 54 86.875
96 51 60.375
96 50 76.875
96 49 40.375
96 46 22.500
96 45 12.625
96 42 84.250
96 39 39.875
96 32 17.125
96 28 14.500
96 26 14.875
96 17 88.375
96 14 23.250
97 95 65.500
97 90 34.750
97 89 46.500
97 77 79.625
97 75 2.875
97 70 18.750
97 68 96.500
97 67 40.375
97 62 18.250
97 58 93.750
97 53 76.625
97 52 76.375
97 51 86.000
97 47 22.250
97 44 40.000
97 42 73.000
97 41 50.625
97 30 5.000
97 28 48.750
97 12 68.625
97 10 13.125
97 8 87.875
98 100 58.500
98 99 62.375
98 96 87.125
98 92 51.625
98 91 98.875
98 84 63.000
98 78 37.750
98 77 43.375
98 74 75.125
98 70 15.750
98 67 14.750
98 63 22.000
98 52 96.500
98 49 69.500
98 46 56.750
98 43 56.375
98 29 50.125
98 16 28.125
99 92 4.375
99 91 51.125
99 88 1.000
99 84 14.250
99 79 21.250
99 71 17.000
99 65 14.500
99 53 78.750
99 49 31.375
99 46 16.750
99 35 42.375
99 31 88.375
99 28 69.250
99 23 47.000
99 22 37.125
99 20 62.625
99 17 74.625
99 16 12.875
99 7 82.500
99 6 99.500
99 4 36.500
99 3 9.625
99 2 12.375
99 1 50.875
100 99 15.000
100 98 83.375
100 93 45.875
100 88 48.375
100 81 16.750
100 77 44.875
100 73 82.875
100 69 61.375
100 66 42.500
100 61 39.875
100 57 15.000
100 46 50.750
100 45 27.375
100 44 81.500
100 40 70.125
100 27 54.125
100 26 2.000
100 23 2.625
100 13 52.375
100 11 51.250
100 10 56.500
100 8 42.250
100 2 83.125
