dl
format=edgelist1
n=100
data:
1 98 7.500
1 97 53.625
1 96 69.750
1 92 37.000
1 90 73.125
1 86 24.875
1 85 32.250
1 78 97.375
1 75 69.625
1 65 18.125
1 64 86.750
1 63 32.625
1 60 20.125
1 57 33.250
1 55 45.500
1 50 12.625
1 49 49.000
1 48 5.875
1 44 54.500
1 40 52.625
1 38 0.750
1 36 39.125
1 35 87.750
1 32 91.125
1 25 4.375
1 17 54.500
1 15 8.625
1 14 61.625
1 7 61.500
1 6 99.625
1 5 77.000
1 2 45.000
2 100 33.125
2 99 10.250
2 98 41.625
2 97 22.375
2 96 10.000
2 89 64.250
2 86 70.375
2 85 77.250
2 84 36.500
2 81 67.125
2 80 66.000
2 79 51.875
2 72 91.750
2 70 82.000
2 69 96.250
2 66 3.250
2 65 82.250
2 62 53.375
2 61 37.375
2 54 87.500
2 53 57.000
2 52 90.625
2 51 9.750
2 50 23.375
2 49 98.000
2 39 36.125
2 37 93.750
2 35 38.125
2 31 19.625
2 28 57.125
2 21 90.375
2 16 42.375
2 15 42.375
2 14 86.875
2 13 47.000
2 4 71.250
2 3 79.250
3 100 79.750
3 98 94.625
3 88 19.250
3 83 73.000
3 82 86.250
3 80 69.125
3 76 35.125
3 75 12.875
3 72 73.250
3 71 44.000
3 64 94.000
3 32 1.625
3 31 0.625
3 26 49.875
3 24 16.750
3 20 61.375
3 19 96.375
3 9 25.000
3 2 0.250
4 97 47.250
4 93 25.750
4 91 55.500
4 89 60.875
4 85 58.375
4 83 54.250
4 82 85.125
4 79 43.875
4 76 36.000
4 74 78.250
4 71 70.250
4 69 94.625
4 66 53.125
4 63 4.125
4 59 23.000
4 47 78.000
4 46 75.500
4 41 34.000
4 38 36.875
4 31 30.875
4 28 82.750
4 27 97.750
4 25 17.875
4 23 23.125
4 18 57.250
4 15 92.500
5 93 82.375
5 90 16.750
5 83 45.000
5 81 84.625
5 77 24.875
5 75 21.750
5 68 16.125
5 64 54.500
5 63 77.625
5 60 17.125
5 59 27.875
5 53 3.000
5 49 43.625
5 48 88.875
5 47 32.000
5 45 8.250
5 42 58.375
5 41 70.375
5 40 98.250
5 39 61.875
5 37 3.000
5 36 69.375
5 27 28.375
5 26 55.000
5 21 35.125
5 18 91.000
5 15 58.875
5 10 1.875
6 96 64.125
6 93 74.250
6 80 99.875
6 76 42.875
6 70 19.375
6 65 40.875
6 59 2.750
6 58 80.875
6 52 66.625
6 50 72.500
6 47 96.500
6 35 86.000
6 31 89.750
6 28 15.250
6 27 94.000
6 25 20.375
6 20 51.125
6 16 13.750
6 15 59.625
6 11 66.125
6 10 17.750
7 98 72.125
7 93 19.625
7 88 68.375
7 85 56.875
7 80 60.250
7 74 59.375
7 70 39.375
7 69 43.125
7 67 29.500
7 65 13.625
7 63 31.500
7 60 38.625
7 57 36.750
7 53 47.625
7 48 0.375
7 46 13.500
7 44 15.750
7 43 47.000
7 40 84.375
7 34 24.000
7 31 52.000
7 28 74.875
7 24 19.875
7 23 97.750
7 22 30.750
7 21 51.250
7 18 19.750
7 12 57.500
8 98 45.750
8 95 56.875
8 92 39.875
8 89 93.375
8 86 77.000
8 85 14.000
8 80 78.625
8 67 33.125
8 64 96.875
8 59 92.000
8 57 7.625
8 50 48.625
8 48 32.875
8 47 53.000
8 42 39.875
8 38 61.875
8 35 84.375
8 34 44.375
8 26 15.750
8 25 88.125
8 16 0.375
8 13 68.250
8 11 49.125
8 7 82.375
8 2 95.250
9 92 63.000
9 90 45.250
9 89 71.250
9 88 37.250
9 87 75.375
9 84 11.250
9 71 80.375
9 68 17.625
9 67 32.125
9 66 50.000
9 57 45.125
9 56 28.000
9 55 92.875
9 53 68.625
9 46 58.375
9 44 13.750
9 43 13.625
9 39 15.625
9 38 0.375
9 24 60.750
9 23 57.125
9 21 11.250
9 12 32.375
9 8 29.125
9 4 39.125
9 2 54.000
9 1 9.875
10 92 11.250
10 89 85.500
10 86 97.250
10 80 97.250
10 77 16.750
10 61 0.875
10 60 28.125
10 54 35.500
10 49 89.000
10 48 22.125
10 46 47.125
10 45 36.000
10 44 58.375
10 35 96.625
10 34 16.000
10 23 75.000
10 21 55.875
10 16 30.875
10 7 1.375
10 5 90.125
10 1 8.375
11 96 87.875
11 94 61.750
11 91 69.000
11 88 13.625
11 85 35.500
11 82 62.125
11 79 95.375
11 72 26.125
11 71 1.500
11 69 47.250
11 65 7.500
11 60 36.500
11 59 44.375
11 53 17.625
11 49 62.500
11 47 54.250
11 41 4.250
11 34 32.625
11 33 30.750
11 25 48.625
11 24 8.250
11 22 69.125
11 15 52.250
11 13 66.625
11 5 9.750
11 3 12.375
11 2 46.000
12 93 3.500
12 89 37.000
12 88 65.000
12 84 81.500
12 80 55.625
12 71 58.375
12 63 36.875
12 50 66.375
12 49 46.250
12 46 76.625
12 42 65.500
12 39 28.250
12 37 97.625
12 29 29.250
12 25 73.125
12 22 37.000
12 15 76.125
12 14 30.625
12 10 54.875
12 7 82.000
12 6 11.500
12 4 49.250
13 99 77.875
13 98 28.500
13 91 74.250
13 89 97.000
13 88 17.875
13 87 32.875
13 84 20.625
13 82 79.000
13 74 85.500
13 73 94.125
13 69 67.500
13 68 82.875
13 67 47.500
13 60 41.625
13 54 79.500
13 42 29.500
13 33 40.000
13 20 15.750
13 18 12.250
13 11 45.625
13 10 98.625
13 8 17.000
14 99 90.000
14 98 31.375
14 92 50.375
14 85 32.625
14 83 55.000
14 82 19.875
14 81 54.750
14 78 74.625
14 77 92.500
14 73 75.625
14 71 41.250
14 66 30.375
14 65 4.000
14 64 77.500
14 63 36.250
14 59 30.250
14 58 23.750
14 49 70.625
14 47 77.750
14 46 47.500
14 45 83.375
14 43 75.500
14 32 69.250
14 30 37.125
14 29 47.000
14 28 50.750
14 26 16.000
14 25 96.000
14 22 7.750
14 18 82.625
14 13 27.500
14 12 29.125
14 10 32.000
14 9 76.750
14 5 34.625
14 4 96.875
15 97 83.500
15 95 68.000
15 94 88.875
15 93 49.875
15 90 50.750
15 86 20.000
15 85 22.125
15 79 11.125
15 78 47.000
15 76 94.125
15 75 22.375
15 68 93.125
15 67 57.500
15 62 95.125
15 60 2.750
15 54 52.750
15 47 63.750
15 42 18.250
15 41 94.500
15 37 92.250
15 22 64.375
15 20 33.000
15 19 20.625
15 12 71.500
15 6 90.250
15 5 76.625
15 1 64.625
16 100 26.875
16 97 66.750
16 94 22.250
16 81 78.750
16 80 74.625
16 79 97.125
16 77 78.250
16 75 63.125
16 73 10.125
16 71 28.500
16 69 20.500
16 66 30.500
16 63 34.375
16 60 51.000
16 57 18.875
16 55 15.000
16 52 11.375
16 51 81.625
16 49 8.000
16 48 93.125
16 46 25.250
16 45 86.250
16 34 3.750
16 32 62.125
16 30 71.250
16 26 92.875
16 25 54.250
16 24 85.625
16 22 97.375
16 21 9.750
16 18 25.125
16 17 58.125
16 14 86.875
16 13 41.625
16 11 90.875
16 9 97.625
16 5 25.000
17 97 8.750
17 96 19.625
17 84 38.250
17 83 91.375
17 81 11.500
17 79 90.125
17 78 9.125
17 77 35.250
17 75 32.000
17 69 1.750
17 67 10.500
17 65 49.875
17 61 79.875
17 59 21.375
17 53 3.250
17 41 60.625
17 38 16.375
17 35 58.375
17 34 23.000
17 32 93.250
17 20 81.250
17 18 24.625
17 13 6.250
17 6 5.375
17 5 50.875
18 96 4.250
18 91 91.750
18 87 99.500
18 72 57.625
18 71 67.000
18 61 80.250
18 58 25.500
18 55 1.375
18 54 36.750
18 52 21.125
18 47 15.750
18 34 5.000
18 33 46.125
18 29 68.625
18 24 4.125
18 17 11.125
18 14 33.250
18 3 26.875
19 99 18.625
19 94 62.625
19 90 39.500
19 87 2.625
19 86 0.625
19 83 70.000
19 81 35.375
19 79 18.250
19 74 69.750
19 69 96.750
19 68 32.125
19 62 37.750
19 59 34.625
19 57 17.125
19 56 5.375
19 54 42.875
19 53 72.125
19 51 65.000
19 45 55.125
19 44 57.875
19 41 31.750
19 37 17.500
19 36 27.000
19 28 63.500
19 16 1.875
19 12 74.375
19 7 40.375
19 1 99.625
20 94 40.375
20 85 5.750
20 77 77.250
20 76 13.500
20 74 41.875
20 67 46.750
20 57 80.500
20 56 44.125
20 55 82.000
20 51 71.625
20 50 55.500
20 49 35.250
20 47 55.000
20 43 55.875
20 41 69.750
20 36 40.625
20 35 86.375
20 29 90.750
20 25 80.125
20 17 86.125
20 13 25.750
20 11 23.125
21 99 21.125
21 95 11.250
21 92 36.625
21 90 60.875
21 88 53.125
21 87 10.125
21 85 36.250
21 81 81.500
21 78 36.250
21 68 75.750
21 55 0.375
21 50 0.625
21 46 9.375
21 43 41.625
21 42 68.000
21 38 13.125
21 35 26.625
21 33 13.125
21 29 14.250
21 22 51.500
21 20 92.125
21 14 7.250
21 13 24.000
21 10 13.375
21 9 98.875
21 5 28.500
21 4 12.625
22 94 85.875
22 90 76.125
22 88 20.125
22 81 68.500
22 63 71.625
22 62 86.000
22 59 79.250
22 58 30.875
22 52 60.375
22 49 67.875
22 48 62.250
22 34 79.125
22 30 93.125
22 23 12.500
22 14 82.000
22 7 32.875
22 3 60.625
23 98 88.500
23 94 40.125
23 85 2.250
23 76 14.375
23 70 39.750
23 68 85.375
23 65 66.500
23 59 49.000
23 58 0.375
23 57 88.125
23 53 22.000
23 52 98.000
23 47 54.375
23 46 22.625
23 42 46.125
23 40 2.625
23 36 73.000
23 35 57.125
23 31 75.625
23 30 13.250
23 25 36.375
23 24 72.250
23 20 55.625
23 18 69.625
23 13 70.750
23 12 89.000
23 1 42.500
24 97 98.250
24 92 7.375
24 89 1.625
24 78 87.125
24 77 56.875
24 75 68.625
24 74 67.250
24 72 77.250
24 71 6.500
24 69 47.875
24 68 26.250
24 66 87.625
24 65 19.250
24 63 0.125
24 61 62.500
24 56 67.125
24 53 90.000
24 48 82.625
24 44 88.625
24 41 19.000
24 37 55.250
24 27 75.250
24 22 81.875
24 13 81.375
24 10 99.750
24 8 97.375
24 6 44.125
24 5 93.750
25 96 95.625
25 91 10.375
25 89 89.125
25 88 69.500
25 83 72.000
25 82 1.625
25 78 66.500
25 76 92.500
25 74 78.625
25 70 88.750
25 68 18.500
25 65 75.500
25 55 92.375
25 53 61.250
25 51 52.000
25 44 10.125
25 43 80.125
25 39 94.250
25 36 44.125
25 35 6.250
25 34 9.250
25 32 75.750
25 31 9.125
25 29 36.750
25 28 15.500
25 23 90.125
25 20 62.875
25 9 33.500
25 8 22.000
26 95 52.500
26 94 19.000
26 88 29.750
26 80 71.500
26 79 62.250
26 76 20.625
26 75 56.000
26 70 12.875
26 67 91.375
26 66 94.375
26 62 90.625
26 59 65.000
26 57 43.250
26 52 92.375
26 51 68.250
26 47 38.000
26 45 80.375
26 39 15.250
26 37 27.375
26 36 21.625
26 29 88.250
26 22 78.500
26 21 82.875
26 15 86.375
26 14 87.750
27 99 71.750
27 91 81.875
27 86 48.750
27 85 76.750
27 83 36.375
27 79 44.875
27 76 78.375
27 72 99.125
27 70 31.125
27 63 62.625
27 61 40.375
27 59 86.000
27 31 18.000
27 28 72.625
27 18 52.375
27 17 39.875
27 16 67.875
27 12 40.625
27 7 88.625
27 6 4.500
27 4 33.000
28 98 98.625
28 94 98.125
28 85 87.375
28 80 72.375
28 77 59.625
28 76 28.125
28 74 8.500
28 66 13.250
28 59 85.875
28 52 55.000
28 50 19.625
28 46 11.125
28 40 45.250
28 35 18.750
28 31 80.500
28 29 23.750
28 27 35.375
28 24 4.125
28 23 10.000
28 16 63.625
28 8 93.125
28 6 56.625
29 100 79.250
29 99 64.500
29 95 21.500
29 88 5.125
29 87 28.500
29 84 84.625
29 78 48.000
29 59 58.250
29 58 90.750
29 55 66.625
29 51 53.125
29 50 6.750
29 43 28.250
29 39 39.500
29 24 77.125
29 22 78.500
29 8 36.500
29 7 56.500
29 5 14.375
30 96 44.125
30 89 0.750
30 88 60.625
30 86 68.125
30 77 92.125
30 67 20.750
30 61 92.375
30 58 62.500
30 52 62.125
30 49 91.125
30 46 14.500
30 41 86.125
30 40 81.500
30 37 55.125
30 25 70.625
30 23 91.375
30 18 7.125
30 11 56.000
30 9 27.500
30 1 46.875
31 100 88.250
31 96 38.000
31 93 13.250
31 92 32.875
31 90 2.500
31 86 84.250
31 76 3.375
31 74 93.000
31 72 93.250
31 70 11.875
31 68 30.250
31 65 42.750
31 64 76.000
31 61 10.500
31 58 65.250
31 55 23.500
31 52 99.750
31 49 10.250
31 47 4.625
31 32 38.250
31 28 98.250
31 27 96.625
31 22 5.625
31 19 50.250
31 16 12.000
31 12 15.000
31 9 1.250
31 5 55.375
31 4 92.000
31 3 27.375
32 100 77.500
32 93 96.125
32 90 6.125
32 87 52.875
32 82 84.000
32 80 67.750
32 77 43.625
32 74 37.875
32 71 81.000
32 61 13.500
32 59 62.625
32 58 16.125
32 51 41.750
32 49 96.250
32 48 64.125
32 45 51.625
32 44 15.000
32 42 63.375
32 35 82.750
32 31 72.125
32 27 45.500
32 26 89.375
32 20 73.875
32 18 35.750
32 16 91.000
32 14 58.000
32 11 15.875
32 5 43.125
33 94 86.875
33 92 53.000
33 91 77.375
33 84 21.500
33 83 81.125
33 81 77.375
33 75 93.125
33 70 33.750
33 69 33.250
33 68 61.750
33 67 74.250
33 62 27.750
33 60 3.625
33 53 4.625
33 45 94.750
33 42 19.625
33 39 15.375
33 37 24.000
33 36 87.875
33 35 7.750
33 32 93.625
33 29 61.000
33 25 32.500
33 23 55.000
33 22 82.875
33 16 91.250
33 13 67.000
33 10 37.750
34 100 97.750
34 98 68.500
34 92 10.125
34 86 68.125
34 83 67.375
34 78 83.125
34 74 81.375
34 69 20.500
34 60 2.625
34 52 34.125
34 42 42.625
34 41 32.875
34 40 31.875
34 39 57.250
34 33 90.625
34 23 63.875
34 16 65.000
34 12 64.250
34 11 47.750
34 4 76.500
34 3 44.500
35 99 81.500
35 94 28.000
35 92 83.875
35 88 25.375
35 79 32.250
35 75 67.000
35 73 60.000
35 59 82.125
35 51 88.125
35 48 7.000
35 45 0.250
35 41 50.750
35 31 71.875
35 30 75.500
35 27 12.875
35 24 92.250
35 21 61.000
35 16 74.875
35 11 55.000
35 9 86.875
35 5 27.625
36 97 68.125
36 93 26.250
36 90 85.125
36 89 92.750
36 88 10.750
36 83 44.000
36 80 96.625
36 75 65.125
36 66 4.125
36 61 57.250
36 59 33.750
36 52 37.750
36 50 94.125
36 47 58.750
36 46 44.500
36 44 33.625
36 35 21.750
36 32 10.125
36 31 64.625
36 27 1.375
36 22 7.500
36 21 10.750
36 20 52.875
36 17 60.250
36 6 39.000
37 93 89.250
37 91 75.375
37 85 86.000
37 83 32.500
37 79 94.625
37 75 49.625
37 69 92.750
37 68 75.125
37 65 1.625
37 63 32.250
37 62 53.375
37 60 89.625
37 53 79.375
37 46 41.500
37 41 22.875
37 40 69.625
37 39 83.500
37 38 63.750
37 36 3.625
37 32 84.000
37 30 73.750
37 25 70.375
37 21 18.750
37 13 62.500
37 10 26.750
37 7 10.250
37 2 38.250
37 1 96.000
38 97 8.000
38 95 5.375
38 86 41.625
38 84 60.875
38 79 82.750
38 76 22.875
38 71 54.125
38 66 78.000
38 61 80.750
38 57 37.375
38 56 69.750
38 55 49.500
38 45 51.500
38 43 88.000
38 36 6.250
38 35 24.750
38 23 29.125
38 22 99.875
38 15 56.500
38 11 15.750
38 3 54.125
38 2 65.125
39 98 83.375
39 90 6.875
39 89 60.750
39 88 5.000
39 79 79.000
39 76 72.875
39 75 25.250
39 70 0.625
39 67 74.375
39 64 52.625
39 60 66.000
39 57 93.375
39 49 89.500
39 45 53.375
39 43 77.000
39 34 50.125
39 32 91.750
39 29 64.625
39 27 41.125
39 24 11.750
39 20 76.375
39 13 91.500
39 10 58.250
39 9 47.875
39 7 8.000
39 6 23.500
39 4 59.000
40 100 5.750
40 99 94.250
40 98 53.125
40 96 7.000
40 95 55.750
40 94 46.875
40 92 8.125
40 91 27.500
40 90 93.750
40 87 37.625
40 84 2.875
40 83 29.375
40 80 60.375
40 79 59.875
40 78 46.750
40 69 88.375
40 67 36.000
40 66 89.625
40 55 14.250
40 51 6.875
40 47 12.250
40 45 84.625
40 41 93.000
40 38 28.375
40 36 70.625
40 31 70.250
40 26 34.250
40 13 87.375
40 11 12.125
40 8 96.500
40 6 74.750
40 5 56.625
40 2 40.000
41 94 58.375
41 93 51.125
41 90 68.125
41 89 55.750
41 87 59.500
41 75 4.125
41 70 33.875
41 61 8.500
41 58 97.250
41 56 72.000
41 54 64.375
41 49 31.000
41 39 86.625
41 31 25.125
41 29 7.625
41 25 71.875
41 23 36.625
41 21 30.750
41 20 92.750
41 19 12.125
41 17 5.125
41 8 17.500
41 2 85.750
41 1 24.000
42 97 87.625
42 96 64.375
42 90 59.125
42 88 87.750
42 83 53.750
42 82 68.250
42 81 50.750
42 80 75.625
42 76 73.500
42 68 37.125
42 67 71.250
42 58 3.250
42 57 98.000
42 54 43.625
42 49 38.000
42 47 18.000
42 43 77.500
42 37 35.250
42 36 25.375
42 24 1.375
42 23 20.000
42 15 92.750
42 12 38.125
42 4 45.375
42 3 69.375
43 92 26.875
43 88 94.250
43 86 94.875
43 82 57.875
43 78 50.500
43 74 22.250
43 62 99.250
43 55 23.125
43 48 56.500
43 45 77.875
43 18 33.250
43 17 81.250
43 12 90.500
43 10 31.250
43 9 3.125
43 8 23.625
43 5 53.875
43 3 85.625
43 1 30.000
44 99 12.125
44 92 44.375
44 90 86.000
44 69 50.500
44 64 58.375
44 60 57.625
44 48 7.875
44 43 49.000
44 41 14.125
44 33 76.500
44 29 92.625
44 28 72.375
44 26 21.125
44 24 20.250
44 23 25.875
44 20 34.750
44 16 34.125
44 3 51.250
44 1 0.750
45 89 46.000
45 86 74.875
45 84 9.250
45 82 4.500
45 81 1.500
45 75 47.750
45 74 9.750
45 72 4.500
45 70 53.250
45 69 1.625
45 66 24.375
45 64 58.375
45 63 4.625
45 61 42.000
45 59 71.250
45 52 5.250
45 49 29.500
45 41 65.875
45 40 60.875
45 39 8.000
45 36 70.750
45 33 39.625
45 32 93.250
45 28 54.000
45 16 83.875
45 1 66.125
46 99 21.375
46 95 80.750
46 93 15.000
46 91 46.625
46 69 10.250
46 68 65.750
46 67 34.375
46 65 90.000
46 62 95.500
46 58 91.500
46 55 84.875
46 54 83.500
46 53 85.000
46 52 53.625
46 50 22.250
46 38 17.375
46 34 27.000
46 27 66.625
46 25 31.250
46 24 53.875
46 13 95.000
46 12 86.500
46 11 39.500
46 7 66.625
46 3 35.250
47 98 1.125
47 84 43.750
47 77 5.250
47 68 72.500
47 67 21.750
47 62 22.250
47 59 39.375
47 52 0.000
47 50 91.250
47 49 40.000
47 48 34.000
47 38 6.125
47 32 98.875
47 27 11.875
47 23 2.750
47 18 98.500
47 17 1.750
47 11 48.000
47 10 20.000
47 7 20.000
48 98 9.875
48 96 25.250
48 95 28.250
48 93 98.500
48 91 22.500
48 87 72.250
48 83 93.000
48 81 29.000
48 78 92.250
48 76 84.625
48 72 29.750
48 66 24.125
48 64 56.500
48 63 46.875
48 60 63.875
48 58 57.625
48 55 7.500
48 53 52.625
48 51 43.375
48 46 91.625
48 43 67.625
48 39 82.000
48 38 28.750
48 37 6.250
48 30 55.875
48 29 9.125
48 24 77.750
48 20 66.625
48 19 82.500
48 18 93.750
48 11 64.875
48 7 45.750
48 4 74.625
48 2 69.250
49 100 29.125
49 98 50.375
49 97 17.000
49 96 4.000
49 90 50.250
49 88 5.625
49 87 41.500
49 84 6.750
49 82 64.625
49 78 78.625
49 77 73.500
49 75 94.750
49 65 81.875
49 59 42.125
49 54 81.250
49 48 97.375
49 39 11.750
49 30 29.250
49 27 54.000
49 23 96.125
49 19 5.500
49 7 70.875
49 4 6.625
49 3 64.875
50 95 61.000
50 94 1.250
50 92 53.000
50 87 70.625
50 84 21.500
50 83 93.625
50 82 90.000
50 81 68.875
50 79 23.000
50 78 37.500
50 77 63.500
50 76 52.375
50 74 48.125
50 64 41.250
50 57 45.875
50 48 4.250
50 45 9.125
50 43 81.750
50 42 23.875
50 34 41.250
50 18 27.250
50 10 42.125
50 3 94.000
50 1 29.375
51 100 6.500
51 99 71.500
51 96 49.750
51 95 98.000
51 92 50.000
51 85 32.625
51 74 48.000
51 72 67.500
51 69 40.125
51 67 29.875
51 54 15.625
51 53 11.375
51 50 60.375
51 47 64.875
51 46 5.750
51 44 10.125
51 32 26.375
51 25 87.375
51 19 95.500
51 17 41.750
51 15 40.375
51 13 87.375
51 12 77.250
51 8 98.500
51 6 76.875
51 3 0.500
52 99 6.125
52 98 33.875
52 96 63.000
52 93 14.000
52 86 14.625
52 82 59.000
52 80 70.625
52 77 96.000
52 76 52.000
52 75 70.875
52 71 41.000
52 66 4.625
52 65 66.125
52 59 88.375
52 57 3.625
52 56 77.625
52 49 75.375
52 44 5.250
52 43 70.000
52 41 98.000
52 38 49.500
52 35 84.625
52 33 88.625
52 31 20.625
52 28 83.375
52 25 27.250
52 22 19.875
52 21 72.000
52 17 52.000
52 14 57.625
52 10 68.000
52 9 70.875
52 7 14.375
52 4 29.625
53 100 74.875
53 99 89.250
53 94 66.000
53 84 28.500
53 81 40.750
53 71 35.250
53 65 39.750
53 54 48.375
53 50 27.125
53 49 96.625
53 48 25.500
53 44 86.375
53 41 23.875
53 37 72.375
53 36 25.000
53 33 56.625
53 30 73.875
53 25 77.875
53 24 74.625
53 13 2.000
53 5 2.875
53 3 43.875
53 1 73.125
54 99 44.000
54 98 22.000
54 91 87.375
54 88 73.625
54 86 6.375
54 79 87.625
54 78 88.000
54 72 0.375
54 68 85.250
54 65 71.625
54 63 33.625
54 51 66.625
54 36 38.000
54 33 80.500
54 24 80.500
54 23 65.750
54 18 18.750
54 12 90.125
54 7 53.750
54 4 61.875
55 97 61.625
55 95 45.625
55 92 26.875
55 85 90.125
55 83 76.750
55 82 36.000
55 80 83.250
55 77 14.500
55 74 16.000
55 73 45.250
55 72 11.250
55 71 89.000
55 68 64.750
55 66 47.625
55 65 13.375
55 60 21.250
55 52 77.625
55 51 87.875
55 50 43.250
55 47 31.250
55 32 31.375
55 30 19.125
55 29 25.250
55 28 36.500
55 27 48.875
55 15 77.125
55 14 66.250
55 12 98.125
55 11 25.375
55 10 12.125
55 9 84.125
55 8 45.375
55 3 61.000
56 93 92.250
56 88 8.750
56 87 37.375
56 84 73.125
56 83 65.750
56 78 81.250
56 76 85.875
56 73 65.375
56 71 89.125
56 64 69.750
56 59 34.750
56 58 98.375
56 55 60.375
56 54 95.250
56 53 82.750
56 49 76.250
56 37 64.750
56 35 88.125
56 33 37.875
56 32 44.750
56 27 71.625
56 20 32.875
56 17 18.625
56 14 20.375
56 11 50.250
57 100 5.000
57 99 45.375
57 97 48.750
57 96 28.875
57 89 59.875
57 86 45.500
57 79 45.000
57 75 97.125
57 74 60.750
57 61 66.875
57 59 79.250
57 58 51.875
57 55 28.500
57 53 18.875
57 47 75.000
57 46 68.000
57 45 37.000
57 37 87.625
57 36 74.500
57 33 59.500
57 31 74.625
57 24 14.125
57 18 16.250
57 17 95.625
57 11 51.125
57 10 25.000
57 9 84.875
57 7 11.625
57 1 99.250
58 77 33.375
58 73 42.500
58 66 39.750
58 65 45.500
58 64 56.000
58 56 65.000
58 52 8.875
58 51 38.125
58 47 91.250
58 43 88.875
58 42 71.875
58 40 7.500
58 38 89.000
58 34 49.125
58 31 40.875
58 27 47.500
58 25 64.000
58 18 64.375
58 15 91.625
58 6 40.750
58 1 83.500
59 99 89.125
59 97 73.250
59 83 38.000
59 78 32.375
59 72 15.750
59 67 23.125
59 66 62.375
59 65 80.000
59 63 90.000
59 62 97.625
59 61 67.125
59 56 36.125
59 52 6.875
59 50 33.500
59 48 78.750
59 45 23.250
59 42 89.875
59 41 53.375
59 29 22.625
59 28 73.375
59 26 54.625
59 25 57.625
59 22 53.625
59 15 81.375
59 8 34.625
59 7 59.375
59 4 18.625
59 1 95.875
60 100 33.500
60 97 15.625
60 94 66.750
60 88 54.625
60 84 13.750
60 77 33.875
60 75 28.875
60 73 27.750
60 70 28.250
60 67 66.000
60 66 95.000
60 59 31.000
60 53 16.750
60 51 6.250
60 50 56.500
60 47 25.875
60 44 13.125
60 32 66.625
60 26 43.625
60 9 81.750
60 5 13.750
61 95 74.875
61 93 43.000
61 91 90.000
61 87 1.750
61 85 21.625
61 82 75.000
61 81 41.000
61 75 76.625
61 72 31.875
61 70 53.000
61 62 43.625
61 47 5.250
61 21 7.750
61 8 4.250
61 6 90.375
61 2 67.500
62 98 44.875
62 97 90.500
62 92 52.500
62 88 63.625
62 84 89.375
62 83 30.000
62 81 59.125
62 79 27.250
62 74 67.125
62 64 29.500
62 60 55.625
62 57 70.750
62 55 31.875
62 42 42.625
62 38 96.750
62 34 15.125
62 31 38.875
62 27 40.125
62 21 62.125
62 17 63.000
62 9 64.125
62 6 92.500
62 2 35.500
62 1 84.000
63 99 87.500
63 97 7.875
63 95 46.375
63 93 21.250
63 90 29.375
63 87 49.750
63 76 80.875
63 75 79.500
63 73 61.500
63 71 25.000
63 69 94.000
63 67 72.750
63 65 6.750
63 62 51.250
63 58 98.500
63 56 13.375
63 52 18.000
63 50 36.375
63 47 94.625
63 46 21.125
63 44 65.875
63 42 55.500
63 40 71.625
63 30 20.125
63 29 81.625
63 27 5.375
63 22 55.250
63 21 97.875
63 18 83.750
63 11 8.750
63 10 74.250
63 4 52.625
63 2 93.375
64 98 63.875
64 97 98.250
64 91 28.875
64 90 27.125
64 88 11.250
64 87 25.375
64 77 2.375
64 62 15.750
64 59 40.250
64 57 82.625
64 54 35.750
64 51 11.625
64 49 3.000
64 42 50.125
64 40 29.875
64 32 74.250
64 26 36.500
64 25 48.125
64 16 20.125
64 4 19.500
64 3 75.750
65 99 87.125
65 98 22.000
65 88 50.625
65 82 25.750
65 81 59.000
65 80 91.625
65 77 68.375
65 69 73.250
65 63 74.500
65 62 55.125
65 59 2.625
65 58 21.375
65 43 44.750
65 42 8.000
65 37 59.250
65 33 78.875
65 28 84.500
65 27 81.625
65 26 70.750
65 20 56.625
65 16 78.875
65 13 94.125
65 7 52.625
65 2 69.875
66 97 57.500
66 96 80.375
66 95 48.250
66 91 97.625
66 86 83.500
66 84 7.625
66 74 40.750
66 71 49.000
66 58 75.750
66 54 68.625
66 52 45.125
66 46 93.625
66 42 7.875
66 38 7.500
66 37 20.500
66 27 76.000
66 25 17.375
66 17 19.000
66 13 82.875
66 9 50.500
66 6 26.125
66 4 10.625
66 1 55.625
67 98 9.750
67 93 1.750
67 91 14.875
67 90 46.500
67 89 98.000
67 79 42.250
67 72 35.125
67 68 86.750
67 65 7.750
67 59 18.875
67 51 70.250
67 47 40.375
67 43 88.125
67 35 48.125
67 34 56.375
67 27 27.750
67 20 17.625
67 19 51.250
67 17 93.750
67 15 10.375
67 13 53.500
67 11 55.750
67 10 93.375
67 8 75.250
67 3 82.750
67 2 54.625
68 100 95.875
68 92 91.875
68 90 92.375
68 84 38.250
68 81 66.375
68 79 9.625
68 72 97.625
68 67 35.000
68 63 72.000
68 62 49.125
68 59 30.625
68 58 83.875
68 55 96.125
68 35 63.250
68 21 0.125
68 18 58.750
68 13 4.875
68 12 79.375
68 10 72.250
68 9 84.375
68 4 82.125
68 2 45.625
69 94 37.875
69 92 16.875
69 88 22.875
69 80 60.500
69 79 69.375
69 78 50.750
69 71 19.500
69 70 20.875
69 64 6.250
69 62 41.750
69 59 23.750
69 58 49.750
69 56 81.750
69 50 28.125
69 49 62.375
69 38 12.875
69 35 95.375
69 33 68.000
69 32 21.625
69 29 17.625
69 21 67.625
69 17 58.125
69 16 68.000
69 15 82.875
69 12 27.375
69 1 74.375
70 99 24.000
70 97 5.125
70 95 4.250
70 93 52.625
70 89 56.375
70 85 66.750
70 81 1.125
70 79 83.875
70 78 36.500
70 77 18.875
70 75 0.875
70 72 98.750
70 66 66.500
70 65 50.875
70 64 53.750
70 62 47.125
70 59 17.250
70 56 68.500
70 54 17.875
70 52 49.250
70 50 99.750
70 45 70.625
70 41 6.500
70 37 4.875
70 36 45.625
70 33 50.625
70 30 38.750
70 29 49.500
70 28 57.625
70 26 11.500
70 24 16.125
70 12 58.625
70 11 17.000
70 6 76.500
70 3 46.125
71 98 47.000
71 91 1.000
71 90 68.750
71 88 70.625
71 86 66.750
71 84 5.875
71 79 53.000
71 75 26.750
71 67 31.375
71 64 25.625
71 63 3.875
71 62 97.375
71 61 45.125
71 55 70.875
71 49 13.750
71 42 54.750
71 41 94.125
71 39 43.125
71 36 82.500
71 35 90.500
71 30 44.250
71 24 83.625
71 20 24.125
71 17 50.875
71 10 81.375
71 6 12.250
71 2 32.625
71 1 11.500
72 100 42.250
72 98 41.250
72 94 97.500
72 91 31.250
72 88 30.125
72 85 11.625
72 81 24.125
72 76 1.000
72 60 95.750
72 55 38.750
72 44 62.375
72 43 57.250
72 42 84.375
72 39 40.250
72 31 95.250
72 28 5.250
72 26 0.750
72 25 58.625
72 22 13.125
72 20 66.125
72 19 33.125
72 7 33.375
72 4 4.500
72 3 28.500
72 2 11.375
73 99 4.750
73 98 79.125
73 94 89.375
73 93 31.375
73 89 35.750
73 82 4.000
73 80 12.125
73 63 12.250
73 57 69.500
73 55 98.375
73 48 3.875
73 38 59.875
73 35 89.375
73 33 99.000
73 30 18.625
73 18 42.500
73 16 25.750
73 11 14.500
73 9 84.375
73 7 50.125
73 4 9.500
74 83 19.000
74 80 98.375
74 78 44.875
74 71 42.375
74 68 41.875
74 63 43.875
74 58 35.875
74 49 44.750
74 45 51.250
74 35 36.375
74 31 93.875
74 27 20.750
74 22 52.500
74 21 85.125
74 19 76.500
74 17 87.000
74 16 36.125
74 9 56.250
75 99 73.375
75 97 85.000
75 95 17.750
75 94 55.375
75 84 83.500
75 79 16.375
75 76 23.750
75 73 63.250
75 72 67.125
75 66 82.000
75 59 66.875
75 57 74.000
75 55 19.500
75 51 60.375
75 50 21.125
75 45 34.875
75 43 31.375
75 36 5.750
75 35 0.875
75 34 54.500
75 33 28.875
75 27 85.750
75 23 84.625
75 22 3.500
75 21 7.250
75 20 67.375
75 19 98.875
75 13 30.625
75 9 77.500
75 4 93.375
75 1 23.000
76 99 3.875
76 94 80.250
76 92 2.500
76 89 58.625
76 87 76.375
76 86 79.875
76 85 87.375
76 80 82.875
76 70 27.000
76 69 61.625
76 68 69.750
76 65 82.125
76 57 45.125
76 56 69.000
76 55 49.375
76 54 53.250
76 53 13.875
76 47 7.875
76 45 4.125
76 44 76.000
76 41 58.125
76 26 9.625
76 23 81.125
76 22 3.750
76 11 59.000
76 10 29.125
76 4 43.375
77 100 0.250
77 98 57.500
77 95 10.500
77 86 14.250
77 83 84.625
77 72 58.375
77 67 9.875
77 64 36.500
77 61 85.750
77 53 51.125
77 51 36.125
77 49 67.000
77 44 33.125
77 43 51.000
77 37 9.875
77 33 13.375
77 32 40.750
77 30 15.000
77 29 60.625
77 28 34.000
77 25 62.500
77 17 29.750
77 14 87.500
77 8 25.750
77 6 45.875
77 5 94.625
77 4 59.875
78 97 1.625
78 96 63.875
78 93 42.875
78 91 59.875
78 88 7.375
78 83 19.000
78 81 80.625
78 80 38.750
78 79 18.500
78 76 26.250
78 71 92.125
78 70 82.875
78 63 13.375
78 59 38.375
78 55 20.000
78 54 92.250
78 53 28.000
78 44 28.625
78 40 77.000
78 30 93.625
78 29 24.750
78 27 23.750
78 26 51.625
78 24 60.000
78 23 58.750
78 22 86.250
78 13 53.875
78 12 20.250
78 6 0.875
78 2 91.500
79 99 6.625
79 95 51.375
79 94 44.625
79 92 34.750
79 91 66.625
79 82 53.250
79 74 38.000
79 73 5.125
79 70 92.500
79 69 9.875
79 63 87.000
79 58 20.375
79 56 1.875
79 55 11.750
79 54 38.250
79 53 45.500
79 44 80.500
79 40 80.625
79 39 92.125
79 31 49.625
79 23 63.875
79 19 64.375
79 9 15.125
79 8 64.000
79 7 73.625
79 6 2.250
80 93 67.000
80 92 38.000
80 90 0.500
80 89 64.000
80 88 58.375
80 87 83.250
80 86 99.500
80 85 99.375
80 77 9.625
80 72 37.000
80 68 59.375
80 62 18.375
80 61 67.250
80 57 96.375
80 55 24.750
80 44 9.375
80 43 23.250
80 41 44.375
80 35 14.000
80 24 65.500
80 22 28.750
80 20 30.125
80 17 91.375
80 10 26.750
80 6 97.750
80 4 44.500
81 100 37.875
81 98 63.500
81 96 75.625
81 94 23.750
81 93 56.125
81 78 26.875
81 70 92.875
81 69 51.875
81 64 91.125
81 60 64.375
81 49 12.750
81 45 35.875
81 41 44.625
81 39 92.875
81 38 42.625
81 37 79.750
81 36 75.875
81 35 80.125
81 33 70.750
81 21 93.250
81 18 51.625
81 17 25.375
81 16 71.000
81 13 4.125
81 11 9.375
81 9 51.000
81 7 84.250
81 5 84.875
82 99 76.750
82 96 68.375
82 95 53.000
82 92 55.625
82 91 98.000
82 75 84.625
82 74 15.000
82 72 65.375
82 69 31.250
82 61 8.750
82 59 62.250
82 57 40.625
82 49 49.625
82 47 75.000
82 43 97.250
82 41 8.250
82 37 46.375
82 33 92.375
82 32 19.750
82 31 24.750
82 30 29.250
82 29 32.125
82 28 74.625
82 27 62.250
82 24 10.125
82 23 89.000
82 16 24.875
82 11 19.875
82 7 41.750
83 99 74.625
83 95 30.375
83 91 74.000
83 89 72.125
83 88 17.750
83 82 2.500
83 79 73.375
83 77 93.250
83 65 1.750
83 59 32.500
83 48 71.875
83 46 26.250
83 45 77.500
83 44 43.750
83 36 72.125
83 35 69.125
83 33 71.250
83 32 89.000
83 30 93.250
83 26 45.625
83 23 90.625
83 17 62.625
83 14 53.500
83 12 97.750
83 8 95.625
83 5 92.000
83 2 62.750
83 1 61.500
84 98 71.500
84 97 6.125
84 95 77.625
84 94 73.625
84 92 77.625
84 85 53.750
84 83 92.625
84 73 79.625
84 72 28.375
84 70 22.750
84 69 95.875
84 68 81.875
84 61 17.000
84 42 18.500
84 38 13.625
84 32 39.000
84 23 55.625
84 11 81.125
84 10 81.500
84 9 2.125
84 2 76.750
85 98 8.000
85 96 43.750
85 94 39.875
85 88 14.500
85 87 78.125
85 86 36.250
85 74 88.750
85 73 64.250
85 67 34.500
85 59 44.375
85 56 14.500
85 52 63.750
85 45 60.375
85 41 26.875
85 40 82.375
85 39 15.625
85 37 23.625
85 36 15.625
85 24 29.125
85 15 27.125
85 9 76.625
85 8 78.375
85 5 87.625
85 2 99.375
86 99 22.625
86 96 47.250
86 95 67.375
86 91 82.875
86 90 85.125
86 89 63.250
86 78 26.750
86 76 45.125
86 73 37.500
86 65 17.375
86 63 50.125
86 53 69.750
86 44 8.875
86 36 85.250
86 30 46.250
86 17 23.625
86 15 55.500
86 14 0.625
86 12 78.500
86 9 16.375
86 5 37.500
86 2 21.500
87 97 59.000
87 95 10.000
87 90 50.875
87 86 95.875
87 82 69.500
87 75 18.375
87 71 49.000
87 67 46.625
87 61 20.500
87 60 68.625
87 59 13.625
87 55 15.625
87 50 81.875
87 43 76.625
87 42 38.125
87 41 3.500
87 40 59.250
87 33 66.500
87 29 68.375
87 27 26.000
87 18 51.625
87 16 84.125
87 10 73.125
87 7 37.250
87 3 6.625
87 1 29.750
88 99 8.000
88 82 11.375
88 79 39.375
88 78 8.750
88 77 79.625
88 76 23.000
88 63 74.000
88 60 46.125
88 59 4.250
88 57 90.500
88 55 51.500
88 43 38.125
88 39 76.500
88 32 53.000
88 30 0.000
88 27 80.125
88 25 16.000
88 24 42.125
88 23 21.125
88 22 13.000
88 20 54.000
88 18 44.000
88 12 94.000
88 10 98.000
88 4 25.500
89 93 39.375
89 90 37.750
89 85 47.375
89 83 81.875
89 81 3.000
89 78 68.750
89 77 16.625
89 73 91.625
89 67 51.875
89 66 88.250
89 62 65.375
89 58 31.875
89 57 76.625
89 47 14.750
89 46 65.000
89 36 86.500
89 34 75.000
89 22 63.625
89 20 63.875
89 19 35.000
89 16 47.125
89 13 70.000
89 12 11.375
89 9 93.500
89 5 58.875
89 4 24.000
90 91 60.750
90 88 61.875
90 87 49.250
90 86 91.625
90 84 90.375
90 80 0.625
90 78 90.625
90 75 52.500
90 74 44.000
90 72 8.250
90 71 58.375
90 70 98.875
90 68 51.125
90 64 92.625
90 59 71.875
90 56 36.375
90 54 10.125
90 51 8.625
90 36 40.250
90 34 92.375
90 29 69.125
90 28 74.250
90 24 56.000
90 19 39.500
90 15 7.625
90 12 47.875
90 10 15.375
90 6 51.875
90 3 27.500
91 93 99.500
91 89 43.500
91 88 86.250
91 83 61.625
91 81 2.250
91 75 29.250
91 61 47.125
91 58 17.125
91 56 31.000
91 54 12.000
91 53 11.875
91 49 57.875
91 39 73.875
91 33 86.125
91 31 19.000
91 30 32.000
91 29 22.250
91 23 15.000
91 22 33.750
91 21 98.125
91 14 48.375
91 10 67.000
91 9 83.250
91 4 81.625
92 97 92.125
92 96 85.500
92 91 81.375
92 85 74.125
92 83 81.000
92 75 75.250
92 72 83.750
92 64 71.875
92 59 93.000
92 58 1.500
92 57 53.000
92 55 10.625
92 52 33.250
92 50 25.625
92 48 57.125
92 45 44.875
92 43 6.750
92 41 7.625
92 27 7.500
92 25 68.500
92 24 12.500
92 20 38.000
92 18 99.000
92 10 87.250
92 9 72.125
92 3 38.875
93 98 14.625
93 97 58.625
93 96 54.500
93 92 7.250
93 90 12.000
93 86 60.625
93 85 42.625
93 80 44.750
93 79 42.250
93 67 95.250
93 66 77.875
93 63 27.500
93 60 67.125
93 59 82.750
93 57 0.125
93 56 95.625
93 54 70.500
93 53 73.500
93 49 3.000
93 47 7.125
93 45 35.125
93 44 55.875
93 43 19.375
93 41 25.250
93 40 96.625
93 35 25.000
93 33 82.625
93 29 89.875
93 28 95.875
93 25 20.625
93 14 61.250
93 11 91.875
93 4 13.875
93 3 40.875
94 96 13.125
94 95 27.625
94 89 26.125
94 86 10.750
94 77 38.375
94 74 5.875
94 66 55.750
94 64 44.500
94 61 36.875
94 52 68.625
94 50 37.625
94 48 36.125
94 47 26.500
94 46 54.250
94 45 3.000
94 44 11.250
94 42 90.625
94 40 25.125
94 39 53.750
94 38 79.750
94 31 22.875
94 30 1.375
94 27 14.500
94 24 35.125
94 22 20.500
94 16 39.750
94 7 29.375
94 6 21.500
95 100 30.625
95 97 55.500
95 90 32.875
95 89 26.000
95 88 16.750
95 75 39.125
95 68 84.875
95 66 5.500
95 62 8.875
95 56 12.750
95 45 32.875
95 42 79.250
95 41 57.750
95 40 57.875
95 36 0.625
95 25 23.500
95 22 98.500
95 21 82.000
95 19 93.000
95 12 28.375
95 10 17.500
95 5 44.750
96 94 99.000
96 93 90.625
96 89 88.250
96 76 67.875
96 69 67.875
96 62 13.625
96 61 11.125
96 60 39.375
96 59 64.375
96 56 72.750
96 51 85.250
96 46 91.250
96 45 53.750
96 41 61.000
96 35 13.000
96 33 62.750
96 29 40.750
96 15 71.875
96 13 40.875
96 11 14.750
96 10 50.250
96 5 97.875
96 2 34.125
97 98 57.125
97 96 84.125
97 95 51.375
97 93 5.125
97 88 38.125
97 87 78.125
97 85 89.625
97 79 63.000
97 78 57.625
97 71 46.125
97 61 88.375
97 59 70.375
97 58 2.500
97 56 74.125
97 43 0.125
97 41 6.000
97 40 84.625
97 37 17.875
97 36 44.625
97 35 39.000
97 33 57.750
97 30 65.625
97 26 28.500
97 25 69.875
97 24 41.750
97 23 94.125
97 20 33.500
97 18 34.375
97 15 16.250
97 13 27.875
97 9 54.875
97 3 59.000
98 95 91.375
98 88 90.750
98 83 71.750
98 74 99.000
98 70 76.125
98 67 93.125
98 66 19.750
98 65 97.125
98 56 53.125
98 51 57.500
98 50 19.250
98 45 36.875
98 42 3.000
98 41 85.625
98 35 99.750
98 33 79.000
98 31 74.750
98 9 77.625
98 8 20.750
98 6 4.250
99 98 30.750
99 97 54.375
99 95 37.750
99 94 85.750
99 90 54.625
99 78 4.750
99 71 16.500
99 62 76.000
99 56 77.000
99 48 57.500
99 45 17.375
99 40 95.125
99 38 0.125
99 35 8.875
99 33 82.750
99 31 78.500
99 29 82.250
99 27 80.125
99 26 79.125
99 25 33.500
99 18 94.875
99 12 26.125
99 10 4.250
99 4 75.375
100 98 43.125
100 88 79.500
100 87 82.375
100 84 84.625
100 82 15.750
100 79 67.875
100 77 65.250
100 75 4.125
100 70 39.500
100 66 60.250
100 65 16.125
100 60 75.375
100 54 53.500
100 53 61.000
100 51 45.250
100 50 50.625
100 43 18.750
100 33 36.000
100 29 95.875
100 24 78.000
100 21 62.500
100 19 8.125
100 17 70.250
100 9 3.375
100 7 79.250
100 6 25.750
100 3 84.125
