dl
format=edgelist1
n=100
data:
1 100 74.000
1 99 43.750
1 98 26.125
1 91 85.750
1 84 27.000
1 78 55.125
1 77 69.000
1 75 23.500
1 69 80.250
1 67 58.500
1 66 23.000
1 65 66.000
1 59 59.250
1 53 45.375
1 52 87.625
1 51 49.375
1 42 58.125
1 39 61.375
1 33 75.000
1 28 70.500
1 21 84.375
1 20 37.375
1 18 75.750
1 9 52.375
1 7 66.875
1 4 37.125
2 96 32.125
2 94 84.750
2 93 30.875
2 91 75.375
2 89 67.125
2 86 70.625
2 85 95.125
2 83 49.125
2 72 14.375
2 69 55.375
2 65 95.625
2 63 13.625
2 60 45.875
2 57 31.500
2 55 93.625
2 46 66.750
2 44 37.500
2 41 81.875
2 39 12.125
2 37 3.875
2 17 23.250
2 15 97.625
2 12 8.125
2 5 80.625
3 96 22.625
3 95 89.500
3 93 73.125
3 91 23.250
3 87 74.250
3 86 90.250
3 83 55.250
3 69 75.875
3 68 49.750
3 65 33.375
3 57 2.000
3 55 31.500
3 54 50.500
3 51 39.500
3 50 83.750
3 48 7.625
3 47 88.375
3 43 86.375
3 39 40.500
3 37 6.125
3 36 70.375
3 32 9.250
3 30 57.375
3 27 74.250
3 23 47.750
3 15 34.375
3 13 3.500
3 11 28.000
3 8 51.875
3 6 81.125
3 5 44.375
3 2 95.250
3 1 70.750
4 98 7.375
4 97 16.375
4 96 94.500
4 95 36.500
4 90 38.625
4 86 2.375
4 75 71.000
4 69 62.625
4 68 1.500
4 67 73.125
4 64 22.625
4 60 40.000
4 52 97.250
4 50 0.250
4 47 87.500
4 46 40.250
4 35 2.750
4 32 74.250
4 31 26.250
4 29 30.375
4 28 67.500
4 17 54.625
4 3 95.875
5 97 14.875
5 95 3.625
5 88 74.625
5 87 60.000
5 85 55.750
5 83 55.125
5 82 87.750
5 79 26.500
5 76 92.875
5 71 19.750
5 67 59.375
5 63 29.375
5 61 37.125
5 58 78.625
5 56 18.500
5 54 22.625
5 49 84.500
5 47 81.750
5 39 92.250
5 33 60.000
5 31 95.875
5 27 46.625
5 24 2.750
5 23 34.000
5 19 60.625
5 17 24.125
5 16 9.000
5 12 87.375
5 7 12.625
6 86 45.625
6 82 6.500
6 81 81.250
6 77 87.375
6 76 89.375
6 73 15.125
6 71 93.125
6 70 48.250
6 64 77.125
6 61 14.625
6 59 94.125
6 55 48.500
6 53 22.125
6 52 20.875
6 51 21.875
6 50 45.750
6 43 33.375
6 34 81.250
6 31 26.250
6 29 49.125
6 28 64.500
6 21 27.875
6 20 62.250
6 13 42.750
6 11 68.000
6 5 97.875
6 4 21.875
6 1 85.625
7 99 45.625
7 89 13.750
7 86 61.250
7 78 95.125
7 74 17.500
7 69 36.250
7 67 75.875
7 66 85.125
7 64 0.875
7 63 67.375
7 61 10.750
7 60 92.375
7 49 78.375
7 48 35.375
7 47 60.250
7 46 2.500
7 44 84.125
7 35 69.000
7 17 53.375
7 13 40.250
7 12 80.375
7 9 5.125
7 6 87.875
7 3 52.000
7 2 14.500
7 1 32.625
8 97 63.875
8 95 17.375
8 87 57.250
8 81 57.625
8 79 31.375
8 73 17.250
8 72 46.375
8 70 58.250
8 63 4.750
8 62 69.625
8 61 16.375
8 57 16.125
8 51 88.625
8 46 39.375
8 44 87.625
8 43 46.375
8 36 82.000
8 34 97.125
8 29 6.125
8 28 75.750
8 26 93.125
8 23 51.750
8 11 84.875
8 6 98.125
8 1 82.625
9 91 56.750
9 88 15.750
9 86 80.000
9 85 9.875
9 82 60.000
9 80 60.500
9 78 69.250
9 73 18.875
9 72 16.500
9 70 34.750
9 69 31.750
9 67 35.750
9 65 44.250
9 60 99.500
9 58 91.125
9 49 67.625
9 48 7.375
9 45 96.000
9 43 91.375
9 39 11.625
9 36 8.250
9 35 20.750
9 32 40.625
9 26 40.875
9 20 84.000
10 96 93.250
10 95 82.250
10 94 48.125
10 91 93.875
10 88 60.500
10 85 4.750
10 84 32.500
10 82 2.500
10 73 58.875
10 56 29.875
10 48 15.125
10 46 72.875
10 38 45.000
10 37 58.000
10 35 21.375
10 28 22.750
10 25 83.625
10 22 38.500
10 21 96.000
10 20 70.375
10 15 34.375
10 14 36.500
10 11 29.625
11 90 23.125
11 88 8.000
11 85 81.250
11 77 36.500
11 70 15.750
11 69 35.375
11 59 21.375
11 48 68.750
11 46 74.000
11 42 1.875
11 38 51.000
11 33 98.375
11 30 22.375
11 27 26.750
11 26 63.875
11 25 94.625
11 21 62.000
11 14 8.500
12 100 70.500
12 97 67.125
12 87 59.375
12 84 95.000
12 83 9.500
12 82 21.750
12 80 3.000
12 79 47.500
12 77 69.125
12 76 37.000
12 72 43.125
12 70 12.750
12 68 24.250
12 53 24.750
12 51 38.625
12 50 27.000
12 47 30.375
12 45 88.375
12 36 45.000
12 31 20.875
12 28 67.500
12 20 17.500
12 13 30.750
12 5 72.375
12 4 34.750
13 94 25.750
13 90 38.375
13 86 18.625
13 84 64.625
13 81 75.875
13 80 33.000
13 79 15.125
13 76 10.125
13 65 32.625
13 64 36.750
13 63 54.000
13 61 6.500
13 54 30.750
13 53 22.125
13 51 53.375
13 49 14.000
13 47 8.625
13 44 61.375
13 43 14.750
13 42 73.375
13 41 42.125
13 39 99.500
13 37 30.125
13 32 68.625
13 30 39.375
13 29 35.250
13 26 55.875
13 24 37.875
13 23 11.875
13 22 9.750
13 20 42.500
13 8 29.125
13 6 34.125
13 5 8.375
13 2 18.000
14 97 84.250
14 95 72.875
14 92 57.500
14 87 12.500
14 86 19.125
14 85 13.625
14 82 64.000
14 75 19.000
14 74 11.250
14 73 0.125
14 65 39.000
14 61 14.125
14 55 44.500
14 48 47.750
14 45 1.250
14 43 90.000
14 42 9.625
14 39 94.000
14 38 66.000
14 36 73.000
14 33 79.375
14 28 41.000
14 26 7.125
14 24 6.000
14 23 25.500
14 19 75.125
14 15 93.000
14 7 43.500
14 6 9.750
14 4 33.875
15 97 22.750
15 96 10.375
15 91 51.125
15 83 30.125
15 82 67.250
15 80 29.250
15 68 89.125
15 67 27.750
15 65 21.000
15 56 38.000
15 47 29.250
15 46 19.750
15 45 74.125
15 41 97.250
15 37 86.500
15 30 67.375
15 28 97.875
15 27 51.500
15 20 63.875
15 18 90.875
15 13 8.625
15 6 74.375
15 3 48.000
15 2 24.750
16 100 95.250
16 99 13.000
16 97 78.625
16 84 68.875
16 83 33.625
16 70 12.250
16 68 94.375
16 67 40.875
16 66 67.000
16 63 17.625
16 61 11.500
16 58 19.875
16 56 52.375
16 54 95.750
16 52 19.875
16 49 17.875
16 41 6.250
16 40 6.125
16 36 53.000
16 34 2.125
16 33 56.500
16 30 37.125
16 25 40.375
16 22 86.625
16 15 58.000
16 10 72.625
16 8 17.375
17 99 90.750
17 97 43.625
17 94 99.750
17 93 97.125
17 92 36.000
17 91 23.625
17 88 18.625
17 85 28.000
17 83 96.250
17 77 47.125
17 72 10.000
17 69 63.125
17 65 98.500
17 63 24.000
17 61 31.750
17 53 61.250
17 52 12.000
17 36 92.125
17 33 53.375
17 32 67.125
17 31 49.875
17 28 37.750
17 24 16.750
17 22 3.750
17 21 57.375
17 18 41.125
17 14 29.375
17 5 32.250
18 99 31.125
18 98 56.750
18 97 69.000
18 87 86.000
18 84 0.250
18 80 95.000
18 76 71.125
18 74 4.625
18 68 69.625
18 66 30.500
18 60 11.500
18 59 32.875
18 53 96.750
18 51 69.125
18 48 59.625
18 47 55.750
18 45 39.000
18 43 65.875
18 42 88.125
18 28 57.500
18 26 29.875
18 25 7.500
18 22 22.125
18 21 73.000
18 17 43.125
18 9 26.000
18 3 27.625
19 100 68.625
19 85 80.125
19 81 13.000
19 76 15.875
19 72 66.375
19 71 68.750
19 68 57.750
19 65 8.250
19 62 14.750
19 61 19.375
19 59 61.375
19 54 86.375
19 49 80.750
19 40 59.125
19 38 29.625
19 34 31.625
19 29 55.750
19 27 54.125
19 15 62.875
19 14 29.375
19 12 71.750
19 10 85.625
19 3 1.500
20 94 39.875
20 92 66.875
20 91 81.875
20 86 0.875
20 79 8.000
20 70 63.375
20 69 73.000
20 68 88.000
20 51 33.125
20 43 52.875
20 41 32.875
20 39 12.500
20 35 6.000
20 34 72.875
20 28 65.500
20 17 20.000
20 15 20.250
20 14 70.375
20 10 32.625
20 9 98.500
20 8 12.750
21 99 38.875
21 98 55.000
21 95 73.375
21 93 93.000
21 92 67.500
21 88 84.125
21 84 15.500
21 83 32.875
21 75 27.000
21 72 66.375
21 66 99.000
21 49 94.250
21 48 40.500
21 47 50.875
21 45 9.375
21 44 21.375
21 42 70.375
21 39 60.250
21 38 92.875
21 37 4.250
21 28 42.875
21 23 19.125
21 22 37.500
21 20 51.000
21 19 30.250
21 15 66.375
21 10 88.375
21 8 3.125
21 7 71.375
21 4 13.375
21 2 5.375
22 98 82.250
22 93 27.375
22 92 68.250
22 80 27.375
22 75 9.625
22 71 7.750
22 68 66.375
22 67 21.750
22 49 14.625
22 44 45.375
22 35 53.250
22 28 52.375
22 19 92.750
22 13 82.750
22 5 55.125
23 98 41.125
23 87 14.000
23 86 9.125
23 83 6.750
23 82 49.875
23 79 44.625
23 78 75.750
23 73 74.000
23 63 29.000
23 54 43.875
23 44 61.125
23 38 31.125
23 31 57.000
23 27 88.375
23 25 6.125
23 7 21.500
24 95 9.250
24 94 87.625
24 93 55.875
24 86 34.000
24 82 60.375
24 81 21.625
24 80 14.750
24 64 30.125
24 61 37.250
24 57 77.375
24 54 34.375
24 53 94.000
24 46 38.750
24 44 16.000
24 41 66.875
24 39 69.375
24 34 14.750
24 27 63.250
24 25 94.625
24 21 22.625
24 16 26.000
24 15 0.125
24 12 52.500
24 7 7.500
24 6 20.000
24 3 68.500
25 100 43.500
25 91 16.375
25 85 4.500
25 84 66.125
25 81 58.250
25 78 78.125
25 77 13.375
25 75 10.750
25 71 98.375
25 70 46.500
25 68 77.750
25 67 69.250
25 65 16.250
25 59 94.750
25 57 50.000
25 56 15.625
25 55 27.250
25 53 1.750
25 52 70.875
25 49 68.750
25 44 55.875
25 36 44.750
25 34 47.375
25 30 72.500
25 27 4.875
25 20 37.125
25 9 97.375
25 8 46.625
25 3 35.125
25 1 20.375
26 97 42.125
26 95 2.500
26 85 9.750
26 84 58.875
26 83 84.375
26 82 47.375
26 71 71.500
26 68 32.875
26 60 47.875
26 52 82.750
26 49 98.000
26 40 0.875
26 39 72.625
26 35 12.500
26 34 90.625
26 29 55.125
26 28 32.125
26 24 11.750
26 21 9.500
26 20 44.750
26 18 31.125
26 5 16.875
27 95 22.375
27 91 60.125
27 87 63.375
27 84 52.875
27 78 81.750
27 67 49.000
27 64 56.125
27 61 36.500
27 60 66.625
27 58 57.125
27 49 50.125
27 46 67.250
27 44 65.500
27 41 38.250
27 37 42.250
27 36 9.500
27 32 34.125
27 26 23.250
27 21 1.625
27 19 91.750
27 9 35.875
27 7 77.000
27 1 86.375
28 100 78.250
28 95 70.000
28 93 58.250
28 80 25.750
28 68 80.375
28 67 71.625
28 66 0.625
28 62 25.250
28 61 16.500
28 57 25.000
28 51 6.125
28 41 74.625
28 35 27.625
28 31 27.125
28 25 6.000
28 22 51.250
28 15 90.875
28 14 42.000
28 8 13.375
28 3 25.250
28 1 43.500
29 97 98.500
29 87 43.750
29 77 56.750
29 75 77.500
29 72 76.750
29 70 47.750
29 55 88.750
29 51 79.250
29 50 97.625
29 44 98.875
29 40 80.125
29 39 6.500
29 36 26.125
29 15 67.500
29 12 16.375
29 9 89.250
30 100 91.625
30 87 5.625
30 84 33.375
30 78 68.750
30 75 62.750
30 72 90.000
30 71 13.250
30 70 93.500
30 68 28.000
30 64 37.750
30 63 35.625
30 59 98.125
30 52 41.875
30 45 65.500
30 43 40.625
30 38 13.000
30 37 66.750
30 27 31.125
30 26 34.375
30 24 88.000
30 22 3.750
30 21 24.750
30 18 80.875
30 17 1.250
30 12 30.250
30 9 85.875
30 3 46.250
30 1 84.250
31 99 84.125
31 90 65.500
31 86 89.125
31 82 58.375
31 81 55.625
31 79 98.375
31 76 31.375
31 69 49.875
31 67 64.250
31 55 57.250
31 53 64.250
31 49 84.750
31 41 2.000
31 40 49.250
31 39 91.750
31 35 46.000
31 30 92.875
31 27 43.875
31 23 79.000
31 22 32.875
31 18 86.500
31 14 67.000
31 11 26.250
31 10 66.500
31 8 33.000
31 3 84.125
32 91 79.000
32 90 12.625
32 80 60.875
32 66 3.625
32 61 63.875
32 60 70.250
32 59 92.125
32 50 68.750
32 37 23.125
32 35 66.875
32 27 30.875
32 26 8.875
32 24 92.250
32 22 73.875
32 20 89.625
32 14 6.750
32 13 56.250
32 10 11.250
32 5 72.375
32 2 57.750
32 1 18.250
33 100 89.000
33 96 65.500
33 95 0.250
33 94 54.500
33 84 83.500
33 82 11.750
33 79 27.125
33 76 29.125
33 72 86.125
33 62 93.625
33 59 71.750
33 58 76.750
33 56 37.250
33 52 61.875
33 45 44.500
33 44 59.000
33 41 22.000
33 32 39.375
33 31 63.875
33 28 46.750
33 25 88.000
33 16 49.875
33 14 37.125
33 8 64.625
33 4 99.125
34 99 2.375
34 98 20.500
34 96 93.500
34 89 55.000
34 88 84.000
34 82 53.000
34 81 52.000
34 80 14.625
34 78 72.375
34 74 72.125
34 72 63.375
34 70 43.625
34 67 3.500
34 57 39.500
34 56 42.125
34 52 22.875
34 50 8.750
34 38 48.375
34 37 23.125
34 35 48.250
34 27 58.500
34 26 14.125
34 25 3.125
34 23 14.125
34 21 54.250
34 11 3.000
34 8 38.250
34 3 28.250
35 98 23.500
35 95 27.625
35 94 99.125
35 92 59.875
35 85 76.750
35 84 87.625
35 75 55.000
35 74 85.750
35 72 38.625
35 70 39.125
35 65 35.125
35 63 45.750
35 62 3.750
35 59 74.875
35 49 46.750
35 48 99.375
35 47 0.375
35 41 89.375
35 37 77.625
35 36 77.500
35 32 66.750
35 29 1.500
35 26 47.625
35 17 51.375
35 12 41.250
36 93 70.750
36 90 42.125
36 89 77.000
36 83 28.000
36 81 71.375
36 79 79.125
36 78 91.125
36 73 18.500
36 67 91.750
36 58 56.625
36 56 92.125
36 44 81.750
36 41 82.375
36 35 22.875
36 29 81.375
36 27 14.625
36 25 94.750
36 16 85.375
36 14 96.125
36 12 90.125
36 2 98.375
36 1 50.125
37 97 67.500
37 91 60.125
37 86 90.375
37 76 36.375
37 74 14.500
37 73 67.000
37 71 41.125
37 69 97.875
37 66 33.500
37 64 37.125
37 52 21.750
37 50 11.750
37 45 5.125
37 42 62.875
37 41 96.375
37 38 32.250
37 35 71.375
37 32 98.000
37 28 9.875
37 25 42.375
37 18 31.250
37 17 99.250
37 13 60.875
37 11 83.750
37 10 72.375
37 8 99.125
37 3 1.000
38 96 8.750
38 95 83.625
38 84 39.250
38 79 43.625
38 71 16.000
38 64 96.750
38 56 17.000
38 55 56.250
38 50 28.125
38 42 1.250
38 37 72.250
38 36 76.625
38 34 49.750
38 25 43.625
38 21 86.500
38 18 47.125
38 10 26.750
38 5 51.000
38 3 36.000
38 1 43.000
39 100 18.625
39 99 56.750
39 98 77.750
39 91 63.375
39 88 20.750
39 83 46.250
39 76 51.875
39 75 28.250
39 62 70.125
39 61 14.500
39 58 88.375
39 55 95.500
39 52 98.000
39 48 98.000
39 45 42.125
39 38 16.125
39 28 6.000
39 27 22.500
39 22 99.250
39 19 42.500
39 11 70.500
39 6 60.125
39 1 78.125
40 97 64.125
40 93 20.625
40 91 74.250
40 90 48.375
40 89 68.625
40 88 5.125
40 82 25.500
40 77 38.875
40 69 46.250
40 68 6.500
40 61 61.875
40 58 6.625
40 52 12.750
40 49 57.875
40 46 44.375
40 41 71.000
40 32 95.000
40 29 80.000
40 27 84.750
40 18 48.750
40 11 57.375
40 9 36.500
40 3 95.125
40 1 32.375
41 99 34.875
41 95 35.500
41 92 59.750
41 90 50.000
41 85 70.375
41 83 95.125
41 80 33.875
41 57 75.125
41 56 32.000
41 53 86.375
41 48 60.000
41 38 56.875
41 34 86.375
41 32 65.375
41 30 89.250
41 22 46.625
41 20 82.375
41 15 62.750
41 11 74.125
41 6 76.625
41 1 42.125
42 100 91.500
42 98 22.125
42 97 8.625
42 94 73.750
42 91 3.125
42 85 49.875
42 77 42.250
42 67 25.625
42 65 73.375
42 63 40.125
42 58 17.000
42 56 58.875
42 54 73.625
42 51 7.875
42 50 84.125
42 47 61.250
42 45 52.250
42 44 36.500
42 43 82.875
42 40 86.875
42 36 58.000
42 33 75.500
42 24 54.375
42 23 8.875
42 18 83.500
42 17 53.125
42 11 72.750
42 9 14.000
43 95 23.500
43 92 33.750
43 90 28.500
43 79 38.375
43 73 18.000
43 71 28.125
43 70 75.250
43 67 5.250
43 66 1.375
43 56 13.500
43 53 83.375
43 51 40.250
43 49 86.125
43 38 87.000
43 36 51.125
43 27 57.875
43 26 64.875
43 25 54.125
43 20 97.375
43 19 96.625
43 18 24.625
43 17 88.250
43 16 35.875
43 12 41.875
43 10 67.125
43 7 80.250
43 5 0.625
44 94 68.625
44 87 65.500
44 84 36.125
44 82 50.500
44 81 71.750
44 80 35.875
44 73 80.875
44 66 5.500
44 61 48.375
44 58 67.875
44 55 85.625
44 51 79.500
44 49 95.750
44 48 50.000
44 47 18.125
44 43 75.000
44 38 69.750
44 36 1.875
44 25 3.000
44 12 95.750
44 11 67.750
44 9 3.875
44 5 38.250
44 1 62.375
45 100 50.250
45 95 81.000
45 93 49.000
45 91 86.125
45 77 20.375
45 75 65.375
45 74 23.625
45 73 0.000
45 71 31.875
45 69 62.875
45 66 78.375
45 65 38.500
45 64 41.125
45 48 68.000
45 43 51.750
45 36 84.625
45 32 47.625
45 30 9.625
45 29 52.875
45 28 26.750
45 25 77.250
45 17 2.000
45 7 38.000
45 3 78.375
46 98 47.375
46 97 51.500
46 92 22.125
46 82 17.625
46 76 40.125
46 63 64.625
46 59 87.625
46 56 91.000
46 49 54.875
46 48 64.500
46 41 92.000
46 39 82.625
46 35 38.625
46 23 63.625
46 19 56.500
46 17 75.500
46 16 9.375
46 14 43.500
46 8 76.250
46 7 13.625
47 100 51.125
47 99 48.125
47 92 94.625
47 91 96.375
47 89 94.625
47 88 95.875
47 84 90.000
47 81 97.750
47 76 39.125
47 74 86.625
47 66 71.000
47 62 63.875
47 56 79.125
47 51 5.625
47 45 76.875
47 17 88.500
47 14 60.750
47 8 28.625
47 6 10.875
48 100 9.750
48 92 59.625
48 88 98.125
48 83 69.500
48 79 49.000
48 77 81.750
48 76 2.750
48 66 14.750
48 64 13.500
48 55 37.375
48 54 67.125
48 44 97.875
48 39 1.250
48 33 97.500
48 29 51.750
48 26 0.250
48 24 49.000
48 18 23.875
48 16 29.250
48 14 70.375
49 100 6.875
49 94 73.750
49 87 86.125
49 85 88.375
49 82 10.500
49 77 70.000
49 76 53.250
49 70 74.500
49 68 23.750
49 67 34.375
49 50 81.250
49 48 29.125
49 47 4.500
49 44 50.750
49 43 84.625
49 39 77.625
49 37 43.625
49 33 79.500
49 32 74.125
49 27 24.875
49 25 33.250
49 22 44.000
49 21 28.000
49 18 28.500
49 11 9.500
49 2 91.500
50 94 44.750
50 92 92.875
50 90 6.375
50 89 79.500
50 87 40.875
50 84 86.500
50 68 78.500
50 67 86.375
50 65 20.375
50 62 15.000
50 58 8.750
50 56 20.875
50 54 81.000
50 41 65.875
50 38 99.500
50 35 44.125
50 34 86.750
50 33 87.750
50 31 39.750
50 28 18.250
50 19 44.500
50 7 26.875
50 2 77.000
51 98 16.750
51 97 51.500
51 93 32.625
51 92 3.125
51 83 21.250
51 81 87.125
51 78 57.500
51 75 95.250
51 67 10.500
51 64 88.125
51 63 24.375
51 61 97.250
51 60 34.125
51 56 82.125
51 49 50.000
51 43 12.625
51 37 27.125
51 32 66.750
51 21 5.875
51 20 57.625
51 15 66.375
51 12 99.375
51 10 19.875
51 7 83.125
51 6 93.000
51 5 83.750
52 97 2.250
52 87 32.750
52 81 91.375
52 77 37.875
52 75 26.750
52 70 71.875
52 67 4.625
52 63 78.375
52 62 60.000
52 61 98.500
52 59 72.125
52 55 78.000
52 47 27.875
52 44 39.375
52 40 92.375
52 37 84.625
52 36 26.250
52 33 19.375
52 8 45.750
53 99 51.125
53 94 71.250
53 92 10.500
53 83 62.250
53 81 80.500
53 78 82.000
53 76 68.750
53 69 60.625
53 64 41.375
53 58 81.750
53 57 33.250
53 52 13.250
53 51 78.250
53 49 47.250
53 48 20.625
53 46 36.625
53 41 31.500
53 40 93.875
53 39 13.500
53 38 71.750
53 34 58.875
53 33 32.875
53 30 30.875
53 26 83.875
53 23 71.500
53 21 46.250
53 8 51.750
53 5 58.875
53 4 71.625
53 2 74.250
54 98 78.750
54 94 51.875
54 84 56.750
54 78 7.375
54 75 19.000
54 72 48.125
54 69 29.875
54 67 58.500
54 57 71.750
54 45 95.875
54 41 71.250
54 40 41.625
54 37 0.625
54 27 34.500
54 23 4.250
54 19 23.125
54 14 93.375
54 13 25.500
54 4 74.750
55 100 69.250
55 97 23.875
55 84 26.750
55 78 67.250
55 77 90.625
55 75 58.250
55 72 87.250
55 70 64.500
55 66 44.500
55 65 66.500
55 60 32.750
55 52 32.250
55 47 41.250
55 46 69.125
55 41 11.500
55 37 8.250
55 23 84.750
55 14 32.250
55 6 96.500
55 3 29.375
56 100 11.125
56 99 70.125
56 97 16.625
56 93 24.000
56 91 41.250
56 82 87.000
56 80 11.750
56 79 17.375
56 67 82.750
56 66 63.000
56 65 70.750
56 63 46.625
56 59 19.625
56 57 54.000
56 51 64.125
56 50 73.500
56 48 89.000
56 45 75.000
56 39 86.875
56 38 72.625
56 34 64.875
56 31 78.250
56 26 84.375
56 24 93.750
56 22 70.250
56 21 23.750
56 20 20.500
56 18 96.625
56 13 5.375
56 9 91.375
56 7 64.625
56 3 77.625
56 1 48.750
57 99 35.875
57 93 77.375
57 92 49.250
57 91 44.000
57 89 73.750
57 87 19.750
57 86 64.500
57 80 54.250
57 78 25.375
57 71 64.000
57 67 70.125
57 66 22.500
57 59 63.125
57 54 28.875
57 49 38.750
57 47 72.250
57 42 40.750
57 41 65.625
57 40 62.250
57 27 27.250
57 24 66.500
57 18 77.500
57 14 1.125
57 13 44.375
57 12 88.375
57 8 22.625
57 3 81.250
58 95 25.750
58 93 21.125
58 90 39.125
58 85 62.750
58 76 15.875
58 74 51.125
58 72 51.125
58 71 4.500
58 60 8.625
58 57 93.125
58 50 64.750
58 48 99.875
58 47 62.625
58 44 8.125
58 41 70.750
58 35 15.500
58 31 15.375
58 30 33.750
58 26 52.000
58 23 15.125
58 20 84.625
58 19 63.500
58 16 36.125
58 9 43.250
58 7 78.625
59 95 25.250
59 93 2.750
59 90 64.375
59 89 41.500
59 86 75.375
59 82 51.875
59 77 8.375
59 73 70.875
59 72 22.375
59 70 17.500
59 68 43.625
59 65 45.250
59 44 4.875
59 42 73.875
59 40 68.750
59 39 92.625
59 35 58.625
59 34 5.875
59 30 31.000
59 29 75.250
59 27 9.375
59 24 81.375
59 23 30.875
59 16 45.125
59 3 65.875
60 97 4.625
60 92 56.125
60 87 24.625
60 82 54.875
60 79 40.625
60 78 1.750
60 77 43.875
60 75 13.625
60 66 37.500
60 63 38.250
60 62 82.375
60 59 7.875
60 54 46.125
60 48 68.375
60 46 25.250
60 30 97.500
60 27 15.875
60 26 8.000
60 14 52.000
60 10 96.625
60 9 21.250
60 5 84.250
61 96 11.250
61 95 88.875
61 92 96.000
61 91 0.375
61 90 86.500
61 86 38.000
61 85 95.750
61 84 74.125
61 81 3.125
61 78 75.125
61 72 8.000
61 66 0.375
61 57 87.500
61 42 94.500
61 40 50.625
61 39 51.125
61 35 17.875
61 28 63.375
61 26 62.875
61 24 64.125
61 22 92.375
61 19 43.750
61 4 19.250
61 3 0.500
62 100 48.000
62 99 81.000
62 98 39.875
62 96 38.500
62 95 96.500
62 93 71.625
62 89 98.000
62 87 74.375
62 84 47.250
62 77 88.500
62 75 1.250
62 71 24.875
62 70 63.375
62 65 23.625
62 52 10.125
62 51 87.125
62 49 49.875
62 46 53.750
62 45 44.625
62 44 70.375
62 34 3.000
62 32 7.875
62 31 93.625
62 27 27.375
62 23 75.625
62 19 99.250
62 18 90.125
62 15 98.500
62 11 95.125
62 10 97.875
62 8 85.000
62 5 7.750
63 100 89.125
63 91 47.875
63 90 51.625
63 88 9.250
63 87 42.000
63 85 62.000
63 81 87.875
63 79 53.625
63 78 87.625
63 65 4.625
63 61 79.875
63 59 7.875
63 51 50.875
63 44 23.625
63 38 20.250
63 33 93.375
63 30 94.125
63 27 28.125
63 22 40.500
63 20 59.375
63 16 28.375
63 10 37.875
63 9 15.750
63 8 0.375
63 1 57.750
64 97 7.250
64 87 49.250
64 86 77.875
64 80 64.250
64 70 79.625
64 65 17.750
64 56 17.750
64 53 65.750
64 51 78.875
64 50 76.500
64 47 9.500
64 44 55.000
64 39 0.875
64 35 52.250
64 33 64.375
64 29 48.375
64 24 51.875
64 21 90.750
64 19 97.875
64 12 26.125
64 11 87.750
64 8 30.750
65 100 61.250
65 98 90.125
65 97 55.500
65 93 13.750
65 86 88.750
65 81 63.750
65 75 71.000
65 74 75.000
65 69 37.625
65 66 43.000
65 64 85.375
65 61 69.625
65 60 28.125
65 59 21.250
65 56 72.000
65 53 63.625
65 50 12.750
65 49 16.000
65 48 74.750
65 45 9.000
65 35 8.500
65 31 43.750
65 30 37.125
65 28 37.500
65 26 28.750
65 18 97.125
65 14 76.750
65 5 17.750
65 2 8.625
66 94 67.125
66 92 5.125
66 90 90.250
66 85 48.250
66 84 5.250
66 81 17.500
66 76 94.000
66 70 62.000
66 68 14.750
66 63 60.000
66 58 44.875
66 57 22.875
66 48 56.750
66 44 47.125
66 38 18.000
66 33 32.000
66 20 83.875
66 16 28.000
66 13 67.500
66 5 28.500
67 99 85.000
67 98 2.250
67 97 56.500
67 92 12.750
67 91 51.875
67 81 18.000
67 80 69.875
67 78 13.875
67 74 95.125
67 71 1.000
67 70 27.375
67 65 84.375
67 63 16.625
67 56 43.000
67 55 36.875
67 53 31.500
67 44 60.000
67 42 2.250
67 41 67.750
67 39 87.125
67 36 15.625
67 35 9.000
67 34 96.375
67 33 5.250
67 32 98.625
67 22 57.750
67 19 2.000
67 18 39.000
67 17 22.625
67 15 55.375
67 12 37.125
67 11 60.000
67 8 85.375
67 6 47.250
67 5 8.250
67 4 28.375
68 97 65.375
68 93 86.125
68 87 34.375
68 85 16.250
68 80 54.625
68 74 22.375
68 67 42.500
68 60 18.125
68 57 34.875
68 50 13.000
68 49 17.375
68 37 33.750
68 36 53.125
68 30 41.750
68 29 66.375
68 27 63.125
68 21 1.500
68 19 16.375
68 14 97.375
68 13 17.000
68 8 72.125
68 5 3.250
68 4 85.125
68 2 67.000
68 1 99.000
69 94 43.000
69 90 26.500
69 79 49.750
69 77 64.250
69 72 34.750
69 70 28.500
69 62 76.375
69 60 55.750
69 58 63.000
69 54 85.500
69 46 6.125
69 35 54.375
69 34 92.750
69 31 8.000
69 25 88.125
69 18 95.500
69 13 6.750
69 4 62.250
70 100 64.875
70 92 69.250
70 89 54.625
70 82 11.375
70 79 31.000
70 77 80.000
70 73 57.750
70 58 4.000
70 56 7.125
70 51 68.250
70 49 45.625
70 42 56.000
70 40 37.250
70 39 60.500
70 38 4.625
70 35 96.875
70 32 75.875
70 30 52.875
70 29 22.625
70 24 54.250
70 22 11.000
70 21 18.625
70 18 1.250
70 16 5.125
70 13 27.750
70 10 23.000
70 7 78.500
70 6 33.875
70 2 43.125
70 1 35.625
71 94 10.250
71 92 24.500
71 90 70.375
71 89 37.750
71 87 79.500
71 86 26.500
71 83 54.125
71 77 9.875
71 76 83.375
71 74 73.750
71 73 85.625
71 70 54.125
71 69 39.250
71 67 58.250
71 65 10.375
71 59 62.125
71 58 53.000
71 52 69.875
71 51 34.875
71 48 14.250
71 47 44.375
71 46 25.375
71 45 47.750
71 44 85.125
71 42 91.250
71 39 11.750
71 32 70.875
71 28 21.000
71 26 33.250
71 24 33.000
71 20 93.750
71 12 29.750
71 3 76.125
71 2 21.125
71 1 0.125
72 98 79.625
72 96 1.750
72 92 92.000
72 91 25.125
72 82 29.125
72 77 2.000
72 74 47.125
72 73 47.000
72 67 10.125
72 62 6.750
72 57 5.000
72 55 63.000
72 52 63.250
72 50 91.625
72 43 2.625
72 39 54.625
72 25 71.500
72 9 24.375
72 7 0.875
72 4 12.250
72 3 14.125
73 98 46.500
73 94 2.875
73 90 22.375
73 89 77.375
73 87 47.125
73 85 29.125
73 83 48.500
73 80 54.875
73 77 9.000
73 75 75.250
73 72 86.250
73 70 54.625
73 65 62.750
73 61 80.500
73 58 96.250
73 57 1.750
73 56 93.250
73 53 20.750
73 51 20.875
73 48 36.250
73 47 4.750
73 40 40.750
73 38 79.625
73 34 28.625
73 33 59.500
73 30 99.875
73 29 57.375
73 27 92.250
73 15 23.250
73 4 87.250
73 2 65.000
73 1 5.375
74 96 90.750
74 95 82.625
74 93 60.750
74 87 76.500
74 79 30.625
74 76 26.000
74 73 17.250
74 69 21.875
74 65 44.250
74 58 15.375
74 34 68.000
74 24 79.250
74 21 65.375
74 19 18.750
74 18 52.750
74 15 7.625
74 13 70.500
74 11 93.000
74 9 45.875
74 6 72.250
75 100 22.125
75 99 92.750
75 97 31.125
75 94 85.625
75 86 20.000
75 82 98.000
75 80 79.250
75 72 56.250
75 69 86.500
75 67 96.000
75 66 50.750
75 63 92.500
75 60 60.125
75 58 18.750
75 53 81.500
75 50 11.750
75 46 90.375
75 45 73.875
75 44 13.125
75 42 1.875
75 41 12.125
75 40 71.000
75 39 41.375
75 38 90.500
75 26 29.375
75 25 26.000
75 21 11.250
75 14 55.250
75 11 54.625
75 6 64.125
75 3 90.375
76 91 73.625
76 82 64.625
76 80 43.125
76 69 95.875
76 66 29.625
76 63 74.000
76 61 84.125
76 57 74.250
76 56 98.875
76 52 68.125
76 45 65.125
76 43 18.375
76 38 80.500
76 35 20.750
76 30 4.750
76 26 13.250
76 22 82.000
76 20 89.250
76 18 58.000
76 17 11.750
76 9 21.625
76 3 31.250
76 1 51.875
77 100 90.875
77 98 33.375
77 95 7.000
77 94 51.500
77 90 47.125
77 73 57.500
77 68 41.750
77 58 62.625
77 56 92.250
77 55 42.125
77 52 76.000
77 44 62.375
77 41 58.125
77 37 80.125
77 34 70.250
77 31 3.250
77 26 24.500
77 21 78.625
77 20 46.000
77 10 17.750
77 7 11.250
77 6 46.250
77 5 95.250
77 4 3.375
77 3 0.375
78 96 79.500
78 95 71.250
78 92 99.125
78 90 79.625
78 89 10.625
78 88 21.250
78 84 26.625
78 80 65.125
78 77 82.000
78 70 58.875
78 68 19.500
78 65 16.750
78 53 83.000
78 45 16.125
78 43 95.500
78 41 68.375
78 30 54.500
78 26 38.375
78 24 95.000
78 23 53.875
78 21 20.500
78 17 44.250
78 9 35.000
78 8 0.000
79 97 56.375
79 95 73.000
79 93 96.750
79 89 98.375
79 84 51.625
79 75 25.625
79 71 83.375
79 69 76.250
79 63 54.625
79 61 67.250
79 45 34.250
79 34 31.250
79 32 54.250
79 30 88.000
79 29 69.500
79 28 79.625
79 26 87.750
79 25 19.750
79 15 29.000
79 11 76.875
79 9 66.250
79 6 18.500
79 4 91.750
79 1 79.625
80 94 48.625
80 91 27.250
80 88 56.125
80 86 81.500
80 85 38.125
80 84 32.375
80 82 76.500
80 77 29.750
80 73 17.000
80 72 62.375
80 70 42.750
80 65 74.500
80 62 99.750
80 60 55.875
80 51 61.625
80 47 19.500
80 40 49.125
80 36 43.875
80 35 19.375
80 30 99.375
80 25 40.500
80 24 65.500
80 22 39.250
80 20 82.875
80 19 9.750
80 10 74.000
80 4 56.875
80 3 63.750
81 97 10.375
81 96 76.000
81 92 32.750
81 85 56.625
81 74 44.875
81 71 41.250
81 70 54.875
81 67 28.000
81 55 26.375
81 54 99.250
81 51 99.625
81 50 74.500
81 40 45.125
81 39 72.000
81 38 31.250
81 34 81.500
81 24 59.250
81 13 10.375
81 2 48.875
82 94 90.000
82 93 39.750
82 90 91.625
82 89 78.250
82 86 3.750
82 85 54.125
82 78 39.125
82 77 63.250
82 75 55.500
82 73 90.750
82 70 77.000
82 66 78.500
82 64 67.125
82 55 4.000
82 53 7.750
82 51 64.625
82 50 19.625
82 41 11.375
82 40 63.625
82 38 8.000
82 31 96.125
82 29 43.125
82 28 99.500
82 27 73.875
82 26 18.250
82 24 37.750
82 20 66.125
82 18 55.625
82 14 88.625
82 13 96.125
82 10 52.875
82 6 95.000
82 3 80.500
82 2 79.625
83 98 90.375
83 97 37.500
83 96 46.250
83 95 18.875
83 93 43.500
83 92 43.500
83 90 33.875
83 86 48.375
83 85 71.500
83 84 2.375
83 81 26.125
83 74 2.250
83 72 75.250
83 70 19.250
83 69 9.500
83 68 41.625
83 65 13.000
83 60 76.125
83 52 54.500
83 51 26.875
83 43 37.875
83 41 10.625
83 39 13.500
83 37 56.125
83 35 61.625
83 27 61.500
83 22 2.000
83 16 97.125
83 14 57.250
83 12 94.500
83 11 41.625
83 10 11.375
83 8 7.500
83 2 42.375
84 99 83.375
84 90 57.750
84 87 85.000
84 75 4.875
84 62 69.625
84 61 97.000
84 57 68.250
84 51 10.000
84 50 23.000
84 48 24.000
84 45 68.875
84 42 57.750
84 41 17.750
84 39 3.750
84 24 79.500
84 23 68.375
84 22 60.250
84 21 90.750
84 19 60.125
84 17 13.875
84 14 38.750
84 12 95.250
84 10 61.250
84 3 30.500
85 94 45.375
85 89 19.625
85 81 27.500
85 77 54.125
85 75 55.875
85 66 65.500
85 61 15.500
85 56 84.125
85 55 43.000
85 54 49.625
85 53 98.125
85 48 71.750
85 46 20.875
85 42 82.250
85 36 59.000
85 35 9.375
85 27 85.625
85 25 2.000
85 10 78.500
85 9 21.750
85 6 42.875
85 5 26.500
85 2 83.500
86 98 12.125
86 91 55.125
86 82 11.000
86 80 22.000
86 78 45.375
86 77 28.000
86 74 93.375
86 71 26.000
86 64 58.375
86 62 92.000
86 56 76.500
86 55 45.625
86 54 26.125
86 46 27.875
86 45 45.500
86 40 66.375
86 39 52.375
86 38 58.250
86 33 95.375
86 30 19.875
86 24 39.125
86 19 39.125
86 18 57.625
86 12 24.875
86 7 19.375
87 96 70.875
87 92 61.750
87 91 69.250
87 81 39.000
87 80 28.375
87 68 17.000
87 62 24.375
87 61 83.500
87 56 77.875
87 53 12.125
87 51 10.250
87 50 3.250
87 45 18.000
87 44 81.625
87 43 31.125
87 41 65.875
87 38 65.125
87 34 3.250
87 30 26.875
87 23 40.750
87 19 40.750
87 13 1.375
87 12 50.500
87 9 88.250
88 100 47.500
88 96 46.750
88 83 72.000
88 72 13.500
88 66 76.250
88 61 52.750
88 54 68.625
88 53 73.750
88 51 90.125
88 45 49.750
88 42 62.000
88 40 81.375
88 38 71.625
88 30 66.125
88 29 83.625
88 28 48.125
88 26 9.250
88 20 49.250
88 19 80.625
88 17 9.625
88 14 70.750
88 13 26.750
88 12 30.500
88 11 81.500
88 6 38.750
88 4 10.250
89 95 41.375
89 91 46.875
89 88 87.875
89 82 15.500
89 81 21.500
89 72 50.000
89 71 65.875
89 67 92.875
89 66 58.875
89 62 92.500
89 60 41.000
89 58 22.500
89 56 99.125
89 54 23.000
89 49 52.000
89 43 57.125
89 38 51.375
89 33 23.250
89 31 76.125
89 27 93.500
89 23 77.125
89 17 58.875
89 13 32.750
89 8 47.125
89 4 43.500
89 1 90.250
90 99 53.625
90 95 25.875
90 93 18.875
90 89 51.250
90 86 4.000
90 80 58.375
90 74 11.500
90 71 2.125
90 70 7.000
90 65 67.000
90 58 32.250
90 47 28.875
90 42 62.625
90 40 80.500
90 35 70.500
90 32 73.250
90 28 39.250
90 27 30.250
90 26 1.375
90 22 78.625
90 21 68.500
90 20 82.125
90 17 4.250
90 13 50.375
91 95 69.625
91 92 4.500
91 83 4.875
91 77 60.250
91 74 6.375
91 70 39.500
91 69 77.375
91 64 7.625
91 63 91.750
91 58 62.500
91 53 8.125
91 52 20.375
91 39 28.375
91 33 4.375
91 24 89.625
91 21 81.250
91 13 91.875
91 12 37.000
91 11 78.875
91 8 38.250
92 100 73.875
92 97 87.250
92 90 80.875
92 80 39.125
92 79 38.750
92 71 96.875
92 67 40.875
92 62 9.250
92 44 42.375
92 40 8.875
92 39 73.000
92 32 68.750
92 28 33.250
92 27 31.000
92 26 49.500
92 21 69.000
92 10 29.125
92 8 24.250
92 3 67.875
93 99 45.375
93 92 51.000
93 86 1.125
93 81 57.750
93 79 45.125
93 76 98.000
93 71 60.125
93 66 32.000
93 65 69.875
93 63 71.625
93 61 22.375
93 60 93.500
93 59 12.500
93 51 32.000
93 47 46.625
93 40 98.125
93 39 49.250
93 38 51.000
93 35 10.875
93 34 32.500
93 33 91.500
93 30 81.250
93 28 17.625
93 26 93.125
93 25 89.000
93 24 22.250
93 21 48.875
93 20 76.875
93 8 82.750
93 7 63.500
93 5 24.375
94 98 92.375
94 93 68.500
94 91 83.625
94 86 48.375
94 79 53.875
94 77 97.500
94 76 12.750
94 67 6.000
94 64 8.375
94 60 83.125
94 58 63.875
94 55 56.250
94 54 85.750
94 51 21.000
94 50 29.250
94 44 50.125
94 42 31.750
94 37 19.250
94 36 90.000
94 34 33.375
94 29 40.375
94 27 86.750
94 26 75.125
94 25 35.625
94 23 72.750
94 22 36.750
94 11 31.750
94 9 30.625
94 8 27.500
94 7 53.625
94 1 62.875
95 100 12.000
95 99 95.250
95 94 36.000
95 87 72.750
95 81 48.375
95 75 96.875
95 69 56.000
95 66 1.250
95 60 30.750
95 57 38.000
95 51 20.000
95 46 46.750
95 45 28.875
95 42 86.500
95 37 16.875
95 33 40.000
95 32 87.000
95 29 62.375
95 27 45.750
95 24 8.750
95 22 18.625
95 18 29.875
95 16 40.500
95 11 31.500
95 10 41.500
95 6 16.625
95 4 60.625
95 1 90.000
96 92 33.750
96 87 0.375
96 84 40.500
96 79 24.125
96 78 86.000
96 77 77.625
96 72 67.375
96 70 92.000
96 62 5.250
96 58 71.750
96 50 2.250
96 48 65.375
96 36 50.000
96 30 91.125
96 28 65.375
96 27 55.875
96 24 73.125
96 22 77.875
96 8 85.125
96 5 25.750
96 1 19.000
97 92 97.125
97 91 19.000
97 87 28.875
97 75 57.875
97 74 67.750
97 72 87.375
97 68 49.000
97 67 5.500
97 65 19.875
97 59 19.500
97 57 93.125
97 56 43.000
97 51 80.375
97 45 54.750
97 42 73.750
97 40 23.625
97 35 26.250
97 24 63.750
97 22 27.625
97 18 20.625
97 17 50.125
97 16 70.375
97 12 98.750
97 10 98.375
97 9 89.375
97 5 81.500
97 3 57.250
97 1 65.750
98 97 40.375
98 90 60.500
98 88 30.375
98 82 30.000
98 81 87.000
98 80 70.750
98 70 49.250
98 64 98.250
98 56 32.000
98 51 35.125
98 45 72.375
98 39 74.250
98 34 17.375
98 25 77.000
98 24 17.500
98 23 90.625
98 17 21.500
98 13 43.125
99 100 7.125
99 91 24.625
99 77 45.875
99 75 47.750
99 70 77.375
99 65 29.500
99 64 45.125
99 59 19.750
99 47 37.250
99 37 9.750
99 35 58.625
99 26 2.375
99 22 48.250
99 18 76.750
99 16 16.250
99 11 58.500
100 97 27.125
100 95 31.375
100 94 65.125
100 87 23.000
100 85 97.250
100 84 18.250
100 83 90.625
100 82 65.500
100 74 95.625
100 73 70.250
100 72 66.750
100 71 96.375
100 67 71.875
100 66 25.750
100 62 94.750
100 59 26.875
100 58 76.125
100 49 15.500
100 48 10.375
100 43 40.500
100 41 46.125
100 31 46.000
100 30 55.000
100 23 3.250
100 21 47.250
100 20 92.500
100 19 94.375
100 18 73.500
100 17 39.000
100 15 14.250
100 10 19.250
100 5 13.000
100 3 67.000
