dl
format=edgelist1
n=100
data:
1 99 25.750
1 97 71.500
1 96 59.750
1 93 17.250
1 91 33.625
1 88 38.125
1 83 74.000
1 78 29.000
1 76 54.250
1 71 59.625
1 69 83.625
1 68 68.000
1 56 15.125
1 53 74.750
1 52 68.500
1 50 91.125
1 47 75.875
1 45 88.500
1 43 53.625
1 42 79.000
1 41 71.375
1 40 19.750
1 33 51.125
1 30 77.375
1 24 87.375
1 22 34.875
1 20 99.375
1 13 64.875
1 12 26.625
1 4 66.375
1 3 53.875
2 99 96.250
2 96 33.625
2 93 76.000
2 91 14.125
2 89 47.375
2 88 81.125
2 86 77.000
2 83 74.250
2 82 47.500
2 81 66.375
2 76 26.000
2 70 32.500
2 69 66.625
2 67 89.500
2 64 9.375
2 61 55.625
2 58 13.500
2 56 24.125
2 54 95.375
2 49 9.625
2 48 14.250
2 46 32.375
2 45 1.375
2 44 30.250
2 37 94.125
2 36 89.375
2 33 19.750
2 31 98.750
2 25 81.750
2 23 56.000
2 21 84.500
2 14 48.875
2 8 20.875
2 1 54.750
3 96 84.250
3 90 48.375
3 86 3.875
3 77 7.000
3 73 51.000
3 68 92.125
3 60 89.000
3 57 50.250
3 55 59.000
3 48 48.750
3 47 11.500
3 46 10.000
3 45 81.500
3 41 77.875
3 38 79.625
3 34 91.125
3 29 20.875
3 26 33.500
3 23 10.125
3 22 81.375
3 9 57.625
4 93 20.875
4 88 44.250
4 87 63.000
4 83 67.125
4 76 44.000
4 71 54.125
4 59 76.125
4 58 71.625
4 54 51.375
4 51 38.750
4 48 28.500
4 44 49.875
4 42 70.750
4 41 20.750
4 37 35.250
4 30 53.875
4 29 90.375
4 25 60.500
4 24 36.375
4 23 15.875
4 14 71.875
4 10 98.625
4 9 0.000
4 8 5.625
4 7 71.750
4 2 13.375
5 100 19.000
5 96 30.375
5 87 52.375
5 85 11.250
5 82 50.375
5 80 22.875
5 76 26.000
5 73 6.500
5 68 23.625
5 63 41.125
5 62 45.625
5 57 11.375
5 51 58.500
5 46 19.250
5 41 55.250
5 38 83.875
5 36 7.000
5 34 93.250
5 32 35.625
5 17 33.875
5 12 76.750
5 10 13.750
5 7 98.250
5 2 34.750
5 1 23.750
6 98 34.750
6 96 5.875
6 73 39.875
6 70 28.750
6 67 52.875
6 61 29.750
6 56 59.500
6 54 21.000
6 53 97.375
6 41 72.375
6 39 61.625
6 35 16.250
6 33 73.750
6 32 38.500
6 25 29.375
6 21 63.125
6 16 89.500
6 11 78.875
6 3 71.000
7 95 74.250
7 93 48.125
7 86 46.750
7 84 7.000
7 73 0.750
7 69 26.000
7 68 55.000
7 60 39.750
7 53 74.625
7 52 96.125
7 44 73.125
7 43 63.000
7 40 72.750
7 32 64.000
7 29 4.875
7 27 75.750
7 24 87.500
7 15 70.625
7 10 98.625
7 6 51.000
8 100 11.750
8 98 11.875
8 87 37.875
8 83 76.250
8 80 78.750
8 77 30.375
8 76 5.375
8 68 59.125
8 65 16.625
8 56 84.000
8 52 10.000
8 48 91.125
8 42 22.875
8 41 29.500
8 38 38.375
8 35 42.750
8 34 99.000
8 30 45.750
8 28 73.125
8 27 1.000
8 20 97.500
8 16 4.000
8 12 27.875
8 6 38.000
8 5 72.625
9 100 49.000
9 94 47.625
9 93 37.375
9 89 95.375
9 88 32.000
9 76 53.875
9 73 76.625
9 68 68.375
9 63 0.625
9 61 61.500
9 58 45.750
9 57 7.500
9 56 32.000
9 55 30.875
9 54 65.875
9 53 51.125
9 50 44.375
9 49 21.125
9 47 45.500
9 43 39.125
9 42 41.125
9 37 76.750
9 29 54.375
9 26 41.375
9 25 75.500
9 24 78.000
9 23 87.250
9 16 3.625
9 12 96.250
9 4 78.750
9 2 0.000
9 1 70.375
10 85 21.250
10 82 87.375
10 77 89.250
10 74 53.125
10 71 8.500
10 69 51.500
10 68 74.750
10 66 7.250
10 65 88.000
10 64 38.125
10 54 23.125
10 51 58.500
10 50 36.000
10 48 95.125
10 46 97.000
10 45 55.875
10 39 17.750
10 38 87.875
10 35 7.750
10 34 7.875
10 33 61.125
10 32 42.375
10 29 40.750
10 18 61.000
10 15 58.500
10 13 63.125
10 11 68.375
11 91 82.000
11 89 93.875
11 78 50.375
11 71 68.625
11 70 56.000
11 67 69.500
11 66 88.125
11 61 43.250
11 56 32.250
11 51 9.375
11 40 65.250
11 37 21.125
11 28 5.875
11 26 10.000
11 14 80.750
11 10 94.375
11 5 42.750
11 4 85.125
11 2 95.750
12 100 39.750
12 87 26.000
12 79 21.500
12 77 93.625
12 72 88.000
12 68 53.250
12 67 54.750
12 60 82.750
12 56 49.500
12 53 23.375
12 42 47.625
12 38 15.625
12 37 6.375
12 36 28.500
12 28 5.875
12 26 15.125
12 25 86.000
12 24 37.375
12 21 59.375
12 16 31.625
12 15 83.000
12 11 52.000
12 10 59.625
12 9 82.125
12 6 90.750
13 92 39.750
13 89 76.750
13 87 78.375
13 86 94.375
13 84 34.125
13 74 66.750
13 73 82.250
13 70 57.250
13 69 44.125
13 66 98.250
13 64 8.375
13 63 60.250
13 58 85.625
13 57 17.625
13 53 61.500
13 41 89.875
13 20 24.250
13 11 61.500
13 5 6.125
14 100 24.875
14 97 26.250
14 92 82.500
14 90 54.375
14 89 41.250
14 86 43.750
14 68 50.500
14 66 28.125
14 59 47.125
14 57 89.125
14 54 17.500
14 53 75.500
14 52 59.000
14 50 33.375
14 45 22.250
14 41 73.125
14 40 87.625
14 29 3.250
14 25 1.875
14 24 30.125
14 21 89.250
14 11 10.875
14 9 35.375
14 4 12.875
14 3 4.875
15 98 64.375
15 97 33.750
15 92 26.500
15 90 21.875
15 85 83.500
15 82 86.750
15 79 61.750
15 65 59.000
15 58 42.000
15 53 90.375
15 49 82.500
15 47 87.500
15 45 18.750
15 42 56.625
15 38 31.750
15 30 31.625
15 24 95.000
15 22 68.625
15 10 75.000
15 8 31.250
16 96 53.750
16 88 55.125
16 85 82.875
16 82 71.250
16 81 80.375
16 69 78.750
16 68 64.875
16 65 79.000
16 64 21.625
16 59 56.250
16 57 3.500
16 56 34.875
16 50 47.375
16 44 65.625
16 40 72.375
16 32 56.250
16 24 1.000
16 23 68.250
16 21 3.750
16 18 72.125
16 11 3.250
16 10 45.250
16 5 36.500
16 4 31.125
17 96 81.875
17 92 83.375
17 88 84.375
17 85 55.750
17 82 21.250
17 80 91.750
17 78 41.375
17 77 38.000
17 74 58.000
17 68 68.750
17 65 82.625
17 57 73.375
17 56 50.250
17 52 64.250
17 51 37.000
17 44 19.375
17 42 58.500
17 37 24.250
17 32 16.875
17 16 60.875
17 15 29.875
17 8 10.125
17 5 79.125
17 3 98.750
17 1 0.500
18 100 41.375
18 98 40.500
18 96 36.875
18 95 68.875
18 94 96.875
18 91 70.000
18 89 12.000
18 87 63.500
18 81 38.000
18 78 0.750
18 76 3.500
18 71 33.875
18 67 58.000
18 65 48.375
18 64 94.875
18 58 35.750
18 54 97.125
18 53 10.125
18 50 48.500
18 44 9.500
18 43 46.125
18 38 31.625
18 36 3.875
18 26 74.000
18 23 63.000
18 21 96.875
18 15 53.625
18 11 54.750
18 8 9.000
18 7 68.625
18 6 20.625
18 4 99.375
18 1 68.500
19 100 9.375
19 98 66.250
19 97 39.375
19 93 36.250
19 85 35.500
19 81 84.750
19 80 60.000
19 76 43.125
19 71 54.000
19 70 26.750
19 67 84.375
19 66 93.125
19 51 88.125
19 45 38.250
19 44 51.375
19 43 13.500
19 41 87.125
19 36 63.000
19 33 23.125
19 28 76.875
19 26 92.375
19 16 7.750
19 14 65.625
19 13 34.750
19 12 32.125
19 10 62.000
19 8 49.875
19 6 86.375
19 5 84.375
20 100 82.750
20 97 52.875
20 95 58.000
20 92 22.750
20 90 52.250
20 87 75.250
20 81 12.875
20 80 74.500
20 77 13.875
20 74 94.875
20 68 70.375
20 60 66.625
20 55 52.250
20 45 17.375
20 37 43.125
20 36 93.250
20 31 28.750
20 27 27.875
20 16 57.750
20 11 74.750
20 5 87.000
21 99 39.500
21 90 42.000
21 85 63.500
21 83 28.000
21 82 96.875
21 67 28.625
21 58 35.500
21 55 55.000
21 49 39.125
21 47 41.875
21 39 42.125
21 38 34.375
21 37 36.125
21 36 12.625
21 34 48.250
21 33 54.250
21 32 93.000
21 27 97.125
21 22 57.125
21 17 17.250
22 99 15.000
22 98 52.625
22 87 82.750
22 84 7.000
22 81 29.750
22 77 26.500
22 76 25.500
22 74 43.750
22 69 24.125
22 65 73.250
22 61 24.625
22 56 54.125
22 50 99.625
22 43 39.625
22 40 16.750
22 28 47.625
22 25 9.750
22 21 37.750
22 20 35.750
22 17 30.000
22 16 93.625
23 100 42.000
23 98 11.625
23 96 94.750
23 95 63.875
23 93 17.125
23 78 8.125
23 75 30.375
23 72 81.125
23 68 1.750
23 64 80.625
23 63 16.750
23 61 46.250
23 60 85.625
23 53 68.250
23 42 49.875
23 33 30.250
23 32 93.500
23 12 91.625
23 11 98.125
23 5 79.750
24 91 95.125
24 90 46.000
24 85 23.625
24 84 29.750
24 80 45.750
24 71 46.250
24 70 59.250
24 64 44.375
24 61 79.625
24 55 28.750
24 53 4.750
24 51 99.250
24 44 69.000
24 41 65.000
24 34 52.625
24 29 21.875
24 26 3.250
24 19 87.125
24 11 72.250
24 8 30.875
24 4 99.875
24 3 50.625
25 99 60.625
25 97 21.000
25 96 12.750
25 94 43.000
25 88 8.875
25 87 11.875
25 84 77.250
25 80 81.875
25 79 35.250
25 72 69.625
25 69 83.500
25 62 44.250
25 58 96.625
25 57 32.125
25 53 53.750
25 52 94.500
25 49 22.375
25 43 33.500
25 40 28.250
25 28 1.000
25 26 51.875
25 23 23.750
25 21 16.375
25 19 1.000
25 15 30.375
25 14 90.250
25 13 72.125
25 9 75.875
25 8 72.625
25 6 49.000
25 5 40.625
25 4 85.125
25 2 39.250
25 1 15.375
26 92 2.750
26 86 59.250
26 84 11.250
26 70 89.500
26 62 32.625
26 59 47.875
26 58 50.250
26 52 64.375
26 45 57.125
26 32 13.000
26 23 83.500
26 21 87.625
26 19 26.875
26 17 5.875
26 11 54.750
26 10 66.000
26 9 3.375
26 3 50.625
26 2 96.875
26 1 95.875
27 100 6.250
27 98 45.375
27 96 93.250
27 95 33.000
27 92 56.000
27 86 62.000
27 84 82.500
27 79 39.250
27 77 60.750
27 73 62.375
27 71 49.250
27 68 23.125
27 62 79.375
27 61 96.250
27 60 70.125
27 59 14.625
27 57 78.375
27 50 13.125
27 45 30.125
27 32 36.125
27 31 88.250
27 29 6.125
27 28 25.125
27 25 90.500
27 22 20.625
27 21 4.250
27 16 49.250
27 5 89.750
27 2 34.625
28 100 52.250
28 96 81.250
28 94 96.625
28 92 32.250
28 91 27.000
28 89 98.625
28 84 19.500
28 80 95.250
28 78 8.125
28 73 84.625
28 71 64.375
28 70 30.250
28 69 29.375
28 65 65.750
28 62 21.125
28 59 63.750
28 57 63.000
28 55 48.250
28 54 66.625
28 52 20.125
28 42 99.125
28 36 81.875
28 35 0.625
28 34 30.000
28 33 23.750
28 30 46.375
28 29 26.875
28 26 53.000
28 18 5.625
28 17 98.125
28 16 5.375
28 14 21.625
28 3 73.750
28 1 40.250
29 100 94.500
29 94 84.375
29 91 3.250
29 83 80.375
29 81 49.000
29 71 63.750
29 60 92.375
29 55 86.750
29 53 50.375
29 46 55.000
29 42 39.500
29 38 38.375
29 36 41.625
29 30 36.375
29 27 58.000
29 26 22.125
29 24 87.625
29 23 73.625
29 17 67.750
29 16 19.000
29 14 22.250
29 12 90.000
29 7 78.250
29 6 54.125
29 5 21.250
29 4 63.625
30 97 0.500
30 95 42.625
30 84 71.875
30 79 26.500
30 70 57.875
30 66 43.625
30 64 9.125
30 63 82.000
30 54 55.375
30 52 10.375
30 50 74.500
30 49 85.250
30 46 39.625
30 43 34.500
30 42 57.500
30 38 11.000
30 35 3.625
30 34 91.625
30 33 44.875
30 29 51.375
30 27 94.875
30 24 77.375
30 22 82.750
30 15 16.000
30 13 12.625
30 9 1.875
30 5 56.375
30 4 79.500
31 99 73.250
31 94 33.750
31 93 40.375
31 84 78.500
31 83 23.500
31 81 8.375
31 80 13.250
31 77 17.000
31 75 58.000
31 66 13.375
31 60 66.000
31 59 15.125
31 52 28.500
31 51 10.125
31 46 91.250
31 7 61.500
31 2 24.250
32 100 94.375
32 99 84.125
32 97 46.750
32 92 56.125
32 87 32.125
32 85 89.250
32 79 85.125
32 70 65.125
32 67 18.250
32 53 24.125
32 50 11.375
32 49 20.625
32 48 24.125
32 45 69.375
32 44 8.125
32 37 33.875
32 28 49.375
32 26 53.875
32 20 62.000
32 8 67.375
32 6 88.875
32 4 76.375
32 2 52.750
33 99 67.500
33 94 23.500
33 91 92.375
33 90 33.500
33 87 55.500
33 85 21.250
33 79 26.500
33 74 13.875
33 70 14.875
33 68 75.000
33 67 52.250
33 64 15.500
33 63 39.375
33 60 52.125
33 58 24.125
33 50 22.875
33 49 72.000
33 48 39.750
33 47 86.125
33 45 71.625
33 43 41.125
33 41 57.625
33 40 71.375
33 39 27.875
33 35 7.250
33 32 32.750
33 23 14.500
33 21 30.375
33 15 4.000
33 7 62.375
33 3 66.625
33 1 14.625
34 100 80.500
34 95 99.125
34 93 87.375
34 88 36.625
34 82 49.875
34 78 63.250
34 76 3.125
34 72 35.125
34 69 10.750
34 62 98.000
34 56 95.250
34 45 83.375
34 44 32.000
34 40 69.375
34 37 6.750
34 33 90.125
34 31 73.875
34 13 23.250
34 10 24.500
34 4 63.500
35 99 27.500
35 93 77.875
35 91 17.375
35 90 7.625
35 87 44.125
35 78 79.750
35 77 94.250
35 75 29.625
35 73 69.375
35 65 35.750
35 61 98.250
35 59 37.000
35 58 16.875
35 53 64.625
35 51 60.250
35 47 76.125
35 38 47.125
35 37 61.250
35 24 5.375
35 20 81.625
35 18 82.500
35 15 28.000
35 6 70.125
35 5 97.375
36 99 74.875
36 98 58.000
36 89 76.375
36 87 96.375
36 79 41.375
36 64 21.750
36 62 80.000
36 61 87.500
36 59 57.500
36 55 6.750
36 54 98.375
36 49 83.375
36 40 41.750
36 35 30.000
36 30 48.125
36 26 91.375
36 19 46.375
36 17 53.000
36 16 82.000
36 14 4.000
36 12 86.625
36 10 52.875
36 8 8.750
36 6 55.125
36 1 21.750
37 99 59.250
37 97 33.125
37 93 51.375
37 91 15.125
37 86 18.875
37 81 20.000
37 74 26.125
37 72 46.750
37 68 36.250
37 65 20.750
37 62 96.000
37 61 90.875
37 59 58.000
37 51 24.000
37 49 84.375
37 41 4.000
37 34 32.875
37 28 2.375
37 26 23.250
37 25 39.500
37 21 83.375
37 16 80.625
37 13 78.000
37 12 41.000
37 3 37.125
38 96 45.375
38 93 35.250
38 90 52.500
38 89 14.000
38 73 89.500
38 68 80.125
38 64 41.000
38 63 76.625
38 62 29.750
38 56 25.625
38 50 43.750
38 48 83.250
38 39 31.250
38 34 10.625
38 33 21.250
38 29 23.625
38 28 38.500
38 25 60.500
38 19 0.000
38 10 6.625
39 98 51.375
39 96 13.000
39 94 93.250
39 91 4.250
39 83 85.625
39 72 38.250
39 64 83.000
39 61 55.625
39 55 47.625
39 53 78.125
39 47 16.625
39 46 19.000
39 44 37.500
39 36 29.000
39 31 66.250
39 29 96.125
39 25 30.250
39 24 23.000
39 20 66.375
39 18 20.875
39 14 51.500
39 11 89.250
39 8 70.000
39 4 72.500
39 3 3.625
40 98 28.125
40 93 95.000
40 86 68.375
40 85 43.000
40 82 7.125
40 81 41.000
40 80 71.375
40 78 84.250
40 68 95.125
40 65 88.500
40 57 83.750
40 54 87.000
40 53 98.375
40 52 62.125
40 50 60.250
40 45 60.500
40 43 4.250
40 41 58.000
40 34 36.000
40 29 68.875
40 27 1.750
40 25 77.625
40 20 56.250
40 18 46.250
40 10 18.125
40 6 17.375
40 5 67.000
40 4 4.875
40 3 79.625
41 95 18.625
41 92 78.000
41 88 79.750
41 87 56.500
41 86 16.750
41 84 11.750
41 71 94.000
41 61 46.625
41 54 97.250
41 53 76.375
41 51 36.125
41 50 62.500
41 48 66.625
41 43 14.500
41 35 64.625
41 33 41.250
41 28 40.125
41 24 95.750
41 22 96.625
41 18 7.375
41 15 77.875
41 10 89.375
41 8 46.375
41 3 77.125
42 84 90.500
42 79 66.625
42 78 38.750
42 66 65.875
42 61 78.250
42 56 65.625
42 55 88.000
42 53 96.750
42 51 58.750
42 47 97.250
42 43 77.500
42 40 31.250
42 39 28.500
42 34 62.125
42 28 38.000
42 20 39.250
42 19 86.250
42 18 46.250
42 13 32.250
42 11 52.375
42 7 53.250
42 1 17.000
43 98 47.250
43 96 55.375
43 94 18.625
43 93 20.750
43 91 41.000
43 79 47.375
43 77 21.000
43 74 91.750
43 72 36.750
43 68 79.625
43 62 0.750
43 61 34.625
43 55 26.375
43 50 53.500
43 44 53.125
43 23 3.500
43 16 47.625
43 9 37.375
43 4 17.500
43 2 78.750
43 1 44.250
44 99 14.875
44 95 22.125
44 88 27.750
44 84 99.000
44 83 39.375
44 81 91.000
44 76 94.875
44 75 89.000
44 72 83.125
44 70 8.375
44 69 65.375
44 61 92.875
44 60 48.250
44 53 63.625
44 49 28.125
44 47 76.125
44 43 4.250
44 41 20.000
44 38 42.750
44 24 1.500
44 23 51.875
44 22 50.875
44 20 3.500
44 19 84.250
44 12 34.750
44 7 33.375
44 6 77.250
44 3 19.000
45 87 92.625
45 70 89.125
45 69 13.375
45 61 1.625
45 58 40.000
45 51 34.250
45 49 5.750
45 43 53.875
45 42 68.125
45 40 52.625
45 36 80.500
45 25 28.375
45 21 40.250
45 17 51.375
45 7 14.000
45 5 74.500
45 3 83.500
46 100 98.500
46 99 96.500
46 97 69.875
46 91 3.750
46 88 1.250
46 86 74.250
46 81 59.875
46 74 26.500
46 72 32.375
46 64 11.875
46 63 26.875
46 62 59.000
46 58 34.625
46 55 51.375
46 39 48.625
46 38 72.125
46 32 47.250
46 28 25.750
46 27 62.125
46 17 57.500
46 6 1.625
46 4 68.625
46 3 28.500
46 2 53.125
47 99 35.875
47 93 84.250
47 91 19.750
47 87 94.875
47 86 37.250
47 85 43.625
47 82 85.125
47 76 36.500
47 69 64.375
47 49 74.750
47 37 15.250
47 36 4.375
47 34 21.375
47 33 98.500
47 31 86.250
47 30 25.750
47 29 70.125
47 24 84.125
47 22 85.625
47 16 4.750
47 9 12.250
47 8 97.750
47 5 55.875
47 3 93.250
48 100 81.125
48 96 8.500
48 87 48.375
48 81 5.125
48 78 10.125
48 77 74.875
48 76 39.250
48 70 15.625
48 64 96.250
48 62 98.625
48 59 36.000
48 58 20.875
48 57 35.625
48 56 34.500
48 52 15.375
48 51 16.000
48 46 43.875
48 45 88.500
48 42 97.500
48 34 11.625
48 30 25.250
48 29 93.500
48 26 8.875
48 25 77.000
48 21 36.125
48 19 75.125
48 17 90.875
48 13 71.750
48 11 76.750
49 98 31.250
49 97 4.500
49 96 23.500
49 94 34.250
49 93 42.000
49 89 1.625
49 84 88.250
49 83 67.250
49 82 13.125
49 72 89.250
49 71 65.875
49 63 59.500
49 61 12.125
49 60 33.125
49 56 57.750
49 48 16.625
49 43 46.375
49 41 84.250
49 38 47.250
49 32 28.000
49 29 8.750
49 22 56.875
49 20 75.750
49 19 62.125
49 17 53.500
49 12 61.875
49 11 12.125
49 10 28.375
49 3 36.500
49 2 56.000
50 100 42.500
50 97 39.000
50 93 54.875
50 85 87.625
50 82 95.625
50 77 48.500
50 72 29.125
50 64 9.375
50 54 16.250
50 52 30.250
50 46 68.875
50 43 10.125
50 42 60.125
50 37 44.000
50 32 81.375
50 29 85.875
50 26 3.250
50 25 2.375
50 21 90.375
50 19 62.750
50 17 39.125
50 15 4.750
50 6 20.875
50 4 32.500
50 2 77.375
51 95 36.125
51 93 58.500
51 91 31.625
51 90 27.875
51 89 43.875
51 87 68.750
51 83 21.000
51 73 52.125
51 72 77.500
51 70 26.750
51 69 64.625
51 60 93.500
51 53 35.875
51 52 99.250
51 46 50.750
51 39 6.375
51 36 59.875
51 27 51.125
51 24 4.375
51 18 53.750
51 17 74.500
51 16 80.625
51 13 71.500
51 11 62.125
51 9 21.625
51 2 91.000
52 99 19.625
52 94 35.625
52 79 64.000
52 75 39.250
52 73 81.750
52 69 81.500
52 62 29.625
52 60 96.250
52 48 57.500
52 47 60.500
52 38 10.625
52 36 39.000
52 30 7.750
52 29 29.250
52 23 15.250
52 19 20.250
52 18 17.375
52 16 58.875
52 14 27.125
52 9 78.625
52 8 83.125
53 97 31.875
53 93 84.625
53 91 19.250
53 86 22.875
53 79 34.750
53 78 80.375
53 74 55.875
53 72 66.375
53 71 3.750
53 70 65.250
53 69 84.000
53 67 89.375
53 64 77.375
53 63 93.500
53 50 89.375
53 49 69.625
53 47 36.625
53 44 94.500
53 39 92.000
53 35 61.125
53 32 44.250
53 23 71.000
53 20 41.000
53 18 5.250
53 11 93.500
53 10 61.000
54 100 62.375
54 98 85.875
54 96 83.375
54 95 99.500
54 93 83.500
54 86 80.875
54 84 87.250
54 78 27.875
54 77 76.375
54 76 61.000
54 75 11.250
54 72 16.000
54 69 21.625
54 65 39.375
54 64 93.500
54 63 85.500
54 61 60.500
54 60 95.375
54 58 53.875
54 56 62.500
54 50 28.875
54 45 37.125
54 38 25.000
54 34 41.500
54 33 60.375
54 32 24.875
54 28 43.750
54 21 20.000
54 20 17.875
54 13 65.875
54 12 3.500
54 11 50.000
54 1 39.750
55 87 26.875
55 86 75.125
55 83 16.625
55 82 85.000
55 77 4.125
55 76 35.875
55 75 39.250
55 70 5.750
55 69 32.250
55 58 67.875
55 56 17.625
55 52 93.125
55 39 77.125
55 38 64.750
55 36 93.875
55 32 50.250
55 27 72.250
55 25 33.750
55 23 41.125
55 19 29.875
55 16 62.375
55 15 70.750
55 14 16.500
55 13 79.250
55 8 32.000
55 3 60.500
55 2 73.000
56 99 44.250
56 97 35.625
56 95 7.875
56 84 18.250
56 78 76.125
56 76 12.125
56 74 8.625
56 72 27.625
56 71 58.000
56 70 89.625
56 69 99.000
56 64 68.875
56 60 29.375
56 59 37.625
56 58 95.250
56 57 74.375
56 55 3.375
56 53 80.875
56 48 15.375
56 45 97.375
56 42 0.750
56 39 12.750
56 36 73.625
56 34 60.500
56 21 64.125
56 20 36.625
56 19 94.250
56 15 2.125
56 11 13.125
56 9 37.875
56 8 70.875
56 7 27.250
56 3 74.250
57 100 59.750
57 98 49.250
57 95 68.125
57 92 52.625
57 89 79.125
57 81 46.250
57 80 5.500
57 76 10.375
57 74 98.500
57 73 98.250
57 68 29.625
57 63 64.125
57 62 89.875
57 56 16.625
57 50 29.625
57 48 2.500
57 47 87.875
57 44 62.375
57 35 84.000
57 34 13.250
57 18 68.625
58 90 17.875
58 86 89.000
58 83 69.375
58 78 58.750
58 74 31.500
58 63 90.625
58 62 72.875
58 57 75.250
58 55 18.500
58 53 61.875
58 46 53.375
58 42 10.125
58 37 48.375
58 36 55.875
58 33 56.750
58 31 56.625
58 30 50.125
58 28 80.375
58 25 63.250
58 14 48.125
58 13 23.750
58 9 0.000
58 5 69.625
59 92 7.625
59 89 4.375
59 88 42.625
59 83 0.000
59 80 94.250
59 79 18.375
59 76 75.250
59 75 88.750
59 69 40.500
59 67 24.250
59 53 9.125
59 48 48.000
59 43 83.000
59 42 16.125
59 41 84.875
59 36 99.500
59 30 71.875
59 21 59.875
59 18 80.250
59 16 69.750
59 11 88.750
59 8 36.500
59 3 33.750
59 2 50.875
59 1 97.125
60 98 1.125
60 96 29.250
60 95 40.000
60 87 32.625
60 84 70.375
60 82 72.375
60 81 12.125
60 74 71.875
60 71 31.125
60 68 31.750
60 66 60.375
60 65 53.000
60 61 97.875
60 57 4.000
60 56 45.000
60 54 1.625
60 51 46.375
60 42 10.500
60 40 57.000
60 36 55.500
60 34 97.250
60 32 43.375
60 30 21.500
60 28 91.875
60 25 2.625
60 24 12.000
60 21 81.750
60 17 75.000
60 14 58.250
60 11 40.125
60 10 21.875
60 5 87.000
60 3 92.750
61 100 56.000
61 99 77.875
61 98 50.250
61 97 81.125
61 96 51.625
61 91 45.750
61 90 31.500
61 88 87.250
61 85 85.125
61 84 2.625
61 81 65.000
61 73 80.000
61 51 67.250
61 47 57.000
61 46 28.875
61 39 67.875
61 38 22.250
61 37 34.375
61 36 80.375
61 30 33.625
61 27 50.125
61 25 44.625
61 22 92.500
61 15 5.750
61 10 46.500
61 9 5.375
61 8 32.625
61 5 0.375
62 96 82.250
62 94 0.500
62 91 73.125
62 87 81.875
62 81 54.375
62 80 57.000
62 79 87.625
62 67 97.125
62 65 98.000
62 53 92.250
62 47 59.125
62 39 99.125
62 38 90.625
62 35 45.000
62 34 90.375
62 8 5.625
62 1 13.250
63 99 21.875
63 96 29.500
63 95 54.875
63 94 80.125
63 92 97.250
63 86 68.875
63 83 64.125
63 77 89.250
63 76 86.750
63 73 89.125
63 72 27.000
63 70 24.750
63 68 89.125
63 62 66.500
63 53 20.000
63 50 58.500
63 46 2.250
63 44 35.500
63 40 35.750
63 38 94.375
63 37 21.750
63 34 87.500
63 31 46.125
63 26 29.625
63 25 35.125
63 24 66.625
63 23 51.875
63 17 2.875
63 13 38.625
64 96 1.625
64 94 55.375
64 90 36.750
64 86 94.500
64 78 72.750
64 74 25.375
64 71 46.250
64 69 18.750
64 66 13.625
64 62 13.375
64 58 66.125
64 52 92.375
64 51 62.000
64 48 3.625
64 47 27.375
64 45 10.000
64 39 14.750
64 35 47.875
64 27 68.875
64 24 26.125
64 13 65.875
64 5 32.750
64 2 40.375
65 99 69.500
65 94 43.000
65 83 83.375
65 78 50.500
65 76 22.750
65 74 9.875
65 67 10.875
65 60 21.000
65 54 63.125
65 52 27.750
65 50 12.750
65 49 55.625
65 46 18.875
65 39 85.750
65 38 90.875
65 34 25.125
65 30 14.375
65 29 14.875
65 28 44.875
65 24 47.500
65 20 11.750
65 18 56.375
65 8 77.375
65 7 20.500
66 99 67.875
66 91 39.375
66 89 34.250
66 86 60.750
66 85 35.500
66 84 87.500
66 81 56.625
66 76 74.250
66 74 13.500
66 70 61.625
66 68 32.500
66 62 39.500
66 59 74.000
66 54 5.625
66 51 60.625
66 48 3.875
66 47 30.125
66 46 29.125
66 40 23.000
66 30 95.625
66 27 50.875
66 23 59.000
66 21 74.375
66 20 98.000
66 12 51.500
66 11 79.875
66 7 25.750
66 3 15.750
66 2 7.250
67 96 72.250
67 95 25.625
67 90 57.500
67 87 32.375
67 86 42.000
67 85 93.000
67 82 61.500
67 81 81.500
67 79 0.875
67 68 9.500
67 63 99.750
67 59 59.750
67 58 29.500
67 55 80.625
67 50 16.375
67 44 35.500
67 43 6.375
67 40 90.750
67 33 73.875
67 26 94.500
67 24 98.750
67 21 58.750
67 18 57.625
67 13 64.000
67 9 27.625
67 6 66.125
67 4 78.625
67 3 95.625
67 2 4.375
68 83 86.750
68 80 84.125
68 79 83.125
68 72 62.500
68 70 37.625
68 66 3.625
68 63 31.125
68 62 94.125
68 61 82.375
68 60 51.500
68 59 58.625
68 52 53.000
68 50 28.875
68 49 65.000
68 44 7.000
68 43 18.125
68 40 96.750
68 37 99.500
68 35 47.125
68 33 52.125
68 30 24.125
68 23 96.375
68 22 15.000
68 16 57.875
68 15 81.375
68 13 36.500
68 12 94.875
68 8 34.375
68 6 41.375
68 2 83.500
69 100 83.250
69 98 42.375
69 97 45.500
69 92 96.250
69 90 47.875
69 89 77.500
69 88 2.125
69 83 6.375
69 77 40.750
69 76 50.375
69 71 14.375
69 68 48.375
69 66 58.250
69 62 53.250
69 58 38.875
69 57 0.500
69 56 87.000
69 55 30.625
69 47 66.000
69 45 90.000
69 42 19.375
69 41 97.500
69 37 26.375
69 35 17.500
69 27 41.125
69 23 75.875
69 5 40.625
70 97 47.625
70 90 39.500
70 85 43.750
70 82 93.500
70 77 55.750
70 76 42.750
70 71 91.875
70 66 6.125
70 63 24.250
70 57 12.375
70 56 35.500
70 53 10.375
70 52 29.625
70 51 52.500
70 50 66.250
70 45 28.000
70 42 38.500
70 39 72.500
70 38 5.250
70 34 84.500
70 32 21.250
70 30 60.125
70 26 58.250
70 23 87.000
70 16 5.500
70 9 63.250
70 7 61.125
70 6 14.750
70 4 34.625
71 89 21.875
71 88 35.875
71 87 92.750
71 83 82.250
71 82 49.500
71 75 26.250
71 73 0.875
71 49 58.875
71 45 50.500
71 42 43.375
71 40 23.000
71 38 24.500
71 36 65.375
71 32 71.000
71 29 19.125
71 23 73.250
71 22 58.750
71 21 39.250
71 20 20.250
71 18 98.500
71 16 59.000
72 99 83.250
72 98 67.625
72 93 59.750
72 92 24.875
72 91 72.875
72 87 45.250
72 86 52.125
72 84 67.625
72 79 34.500
72 76 49.750
72 74 62.625
72 69 78.375
72 59 95.000
72 56 19.625
72 54 1.875
72 49 42.875
72 47 41.125
72 46 88.375
72 43 6.625
72 42 7.375
72 36 84.625
72 35 19.875
72 34 17.625
72 13 20.875
72 12 19.250
72 11 37.875
72 3 94.500
73 99 17.375
73 98 67.375
73 96 72.500
73 89 98.000
73 83 51.250
73 79 90.625
73 75 42.375
73 72 94.875
73 70 55.000
73 67 93.375
73 62 57.250
73 60 71.000
73 53 27.625
73 52 78.875
73 48 39.750
73 46 77.125
73 35 61.250
73 22 19.875
73 21 62.500
73 20 53.250
73 10 28.250
73 8 82.875
73 1 17.750
74 99 79.500
74 95 34.250
74 93 48.625
74 90 75.500
74 89 26.750
74 83 39.875
74 82 95.625
74 76 34.750
74 72 46.875
74 70 37.500
74 64 21.000
74 59 26.375
74 45 9.250
74 35 4.625
74 33 40.875
74 30 64.500
74 29 20.750
74 28 57.875
74 26 24.750
74 23 48.250
74 21 30.750
74 18 65.000
74 17 3.125
74 12 14.375
74 8 15.000
74 6 63.750
75 99 19.125
75 98 92.625
75 89 35.250
75 86 7.000
75 84 79.000
75 83 45.875
75 80 84.125
75 79 19.750
75 72 10.000
75 71 49.625
75 70 41.625
75 66 20.000
75 63 27.875
75 61 43.625
75 56 23.750
75 49 55.125
75 47 40.125
75 43 26.375
75 42 20.250
75 27 73.500
75 23 15.000
75 22 70.625
75 17 95.375
75 14 14.375
75 11 33.375
75 7 76.250
75 2 24.250
76 100 17.625
76 99 80.000
76 96 9.875
76 95 52.250
76 94 11.250
76 88 8.250
76 65 94.000
76 64 28.500
76 62 40.500
76 61 72.125
76 60 75.750
76 59 59.375
76 56 99.625
76 54 23.500
76 53 94.750
76 52 70.875
76 46 76.875
76 45 88.625
76 44 88.000
76 33 52.500
76 24 52.625
76 22 62.125
76 18 91.625
76 13 73.000
76 11 37.750
76 7 94.250
76 5 0.750
76 2 2.625
77 87 3.500
77 86 0.875
77 78 16.875
77 76 81.000
77 71 68.125
77 70 37.750
77 69 45.250
77 68 29.500
77 67 95.625
77 61 11.750
77 60 89.875
77 58 77.750
77 55 16.250
77 54 40.875
77 51 26.625
77 50 51.625
77 43 35.875
77 40 47.375
77 37 12.000
77 30 79.375
77 27 96.250
77 18 43.875
77 16 91.500
77 15 67.375
77 8 4.250
77 6 85.625
78 99 80.000
78 96 99.750
78 95 35.625
78 94 63.500
78 93 82.125
78 92 74.125
78 90 67.375
78 83 29.875
78 71 14.250
78 69 3.375
78 65 6.750
78 64 66.750
78 51 16.625
78 47 91.250
78 46 10.750
78 45 14.375
78 42 48.750
78 40 53.000
78 33 80.125
78 24 72.375
78 20 78.750
78 14 39.375
78 12 35.875
78 6 69.375
78 5 72.625
79 89 94.125
79 87 33.875
79 85 15.750
79 81 68.125
79 80 39.625
79 78 49.625
79 71 8.125
79 70 80.750
79 65 60.125
79 62 31.375
79 61 69.875
79 58 75.500
79 57 81.625
79 51 53.000
79 45 54.750
79 38 48.125
79 9 19.625
79 6 22.375
80 99 79.000
80 98 64.375
80 89 70.625
80 87 19.875
80 85 48.875
80 76 31.375
80 72 87.000
80 67 43.875
80 66 30.500
80 65 41.000
80 64 15.250
80 62 28.750
80 58 30.250
80 57 23.625
80 47 39.375
80 46 47.875
80 42 28.250
80 40 86.500
80 37 95.375
80 28 22.875
80 27 86.875
80 25 59.875
80 17 41.625
80 12 15.500
80 3 76.625
80 1 26.875
81 92 75.125
81 88 34.375
81 86 40.125
81 84 21.125
81 73 72.250
81 69 21.750
81 61 94.250
81 59 18.875
81 58 24.000
81 57 55.500
81 54 14.750
81 47 78.750
81 43 36.125
81 42 34.000
81 38 75.375
81 24 98.000
81 20 91.750
81 16 62.625
81 15 75.250
81 14 99.750
81 8 10.875
81 4 50.625
82 96 4.250
82 94 83.500
82 92 23.000
82 80 34.250
82 67 41.875
82 66 60.375
82 65 56.250
82 51 1.500
82 48 94.875
82 42 60.375
82 40 35.375
82 36 79.625
82 33 74.000
82 21 61.125
82 20 83.375
82 18 8.250
82 2 29.875
83 100 36.750
83 98 32.250
83 96 32.125
83 94 8.125
83 93 39.250
83 89 18.250
83 88 19.250
83 85 27.000
83 79 65.875
83 77 4.500
83 75 0.125
83 73 23.875
83 72 42.875
83 69 38.750
83 66 44.250
83 65 52.125
83 56 61.250
83 53 87.625
83 52 76.250
83 51 34.875
83 46 26.875
83 45 26.500
83 41 83.500
83 36 97.875
83 35 85.000
83 31 28.000
83 26 0.750
83 23 33.500
83 19 33.250
83 6 79.000
83 1 55.875
84 98 32.000
84 95 82.750
84 90 30.625
84 87 31.500
84 83 78.750
84 78 18.375
84 77 41.750
84 75 68.000
84 74 50.375
84 62 98.625
84 57 33.625
84 51 73.750
84 48 92.500
84 43 57.125
84 42 2.375
84 41 3.125
84 39 59.875
84 38 92.500
84 24 66.000
84 14 43.125
84 13 33.875
84 12 59.125
84 3 60.625
85 98 25.875
85 92 22.500
85 86 72.875
85 81 57.000
85 78 39.125
85 75 22.000
85 74 18.625
85 71 40.750
85 59 69.250
85 56 68.750
85 55 18.750
85 52 13.625
85 43 95.250
85 42 83.250
85 41 73.750
85 39 97.625
85 38 30.625
85 35 40.125
85 29 67.000
85 28 71.000
85 26 97.375
85 25 58.750
85 24 89.875
85 22 57.875
85 19 52.000
85 11 57.625
85 7 37.250
86 96 65.000
86 91 2.750
86 90 88.875
86 88 74.250
86 85 44.750
86 83 29.375
86 80 90.500
86 78 49.875
86 77 7.375
86 74 51.875
86 72 24.250
86 67 14.625
86 66 46.125
86 63 15.250
86 61 86.250
86 57 11.750
86 54 30.125
86 47 25.875
86 43 85.000
86 29 34.250
86 26 33.875
86 25 87.625
86 22 31.125
86 13 70.750
86 4 35.000
86 2 95.875
87 98 2.000
87 94 92.125
87 91 33.500
87 90 22.125
87 86 20.000
87 85 37.875
87 82 43.625
87 77 64.125
87 70 43.750
87 65 31.500
87 62 13.125
87 58 73.500
87 47 65.500
87 33 67.000
87 32 37.125
87 26 82.625
87 15 15.500
87 14 24.875
87 12 35.875
87 10 61.625
87 8 16.875
87 4 94.125
88 100 89.625
88 97 17.375
88 93 49.875
88 87 77.375
88 81 57.000
88 77 98.750
88 75 71.125
88 68 83.375
88 65 88.000
88 64 37.750
88 57 30.125
88 51 50.250
88 43 84.625
88 37 36.500
88 36 9.500
88 29 22.750
88 27 47.500
88 26 80.125
88 23 92.250
88 19 21.250
88 14 13.250
88 6 68.250
89 99 20.125
89 98 15.500
89 92 29.375
89 90 52.625
89 85 57.500
89 84 73.125
89 83 28.875
89 74 43.375
89 73 68.625
89 67 76.750
89 60 15.375
89 54 26.125
89 53 44.125
89 52 5.750
89 46 1.500
89 39 29.250
89 38 40.000
89 37 50.625
89 32 53.000
89 31 76.000
89 26 37.750
89 25 7.000
89 20 57.625
89 16 86.125
89 14 36.125
89 13 31.500
89 8 99.000
89 7 38.625
89 5 81.625
90 98 59.250
90 92 22.000
90 76 56.000
90 74 83.500
90 67 35.625
90 60 78.375
90 54 0.375
90 48 34.750
90 47 91.875
90 43 98.250
90 39 93.750
90 32 1.750
90 31 82.750
90 15 74.250
90 4 3.000
91 99 7.125
91 96 17.125
91 93 28.625
91 87 5.625
91 85 85.875
91 76 99.250
91 69 20.375
91 67 45.250
91 61 19.750
91 57 49.750
91 55 47.375
91 45 39.000
91 44 75.000
91 42 17.750
91 41 26.750
91 34 78.500
91 28 10.250
91 26 57.750
91 25 83.375
91 24 99.500
91 21 57.125
91 15 18.750
91 14 21.250
91 10 69.125
91 9 77.250
91 6 52.375
91 1 10.875
92 93 42.125
92 91 14.250
92 90 30.125
92 88 98.625
92 86 16.750
92 81 27.125
92 72 99.250
92 64 31.500
92 62 81.875
92 53 75.625
92 50 51.875
92 48 79.000
92 45 59.125
92 39 49.625
92 32 32.625
92 23 83.375
92 22 65.625
92 18 73.875
92 15 59.750
92 7 50.125
92 4 70.750
93 100 86.125
93 85 8.250
93 82 54.500
93 79 45.000
93 76 24.000
93 70 90.000
93 65 11.625
93 58 11.875
93 57 86.250
93 49 85.750
93 46 27.875
93 40 61.375
93 33 85.125
93 28 50.750
93 26 96.625
93 8 76.125
93 5 92.750
93 3 65.500
93 2 54.000
94 100 14.125
94 96 57.750
94 93 11.375
94 82 74.500
94 79 76.500
94 70 50.250
94 69 46.250
94 65 14.625
94 61 45.250
94 56 24.750
94 51 17.500
94 49 47.875
94 36 86.750
94 34 64.875
94 33 47.125
94 30 27.375
94 25 15.625
94 20 9.875
94 19 73.375
94 18 45.125
94 17 1.375
94 16 14.625
95 100 95.000
95 99 42.750
95 97 69.000
95 92 72.500
95 91 5.250
95 88 99.625
95 81 7.125
95 78 24.750
95 74 73.625
95 65 95.625
95 47 46.250
95 43 3.875
95 42 19.250
95 31 38.000
95 29 16.125
95 26 27.125
95 23 4.875
95 22 34.750
95 21 48.875
95 20 52.625
95 19 84.500
95 17 26.750
95 15 15.375
95 10 21.750
95 4 34.375
95 2 57.875
95 1 5.625
96 91 80.500
96 89 99.125
96 83 90.875
96 80 83.625
96 70 49.500
96 69 35.500
96 65 1.000
96 58 65.000
96 51 27.125
96 50 4.375
96 48 3.125
96 45 22.625
96 39 88.500
96 38 18.375
96 32 86.875
96 30 44.500
96 26 1.250
96 17 67.000
96 16 8.375
96 13 33.750
96 8 9.250
96 7 28.875
96 2 19.875
97 95 25.000
97 92 69.000
97 86 60.500
97 82 55.125
97 81 92.000
97 76 44.250
97 68 73.625
97 66 57.250
97 63 44.500
97 60 24.875
97 56 85.375
97 47 87.625
97 45 42.500
97 44 16.250
97 30 47.125
97 29 86.375
97 25 52.875
97 24 80.250
97 23 45.000
97 17 61.125
97 15 80.500
97 13 81.375
97 9 69.250
97 5 86.125
97 1 97.000
98 92 10.500
98 91 91.000
98 90 28.000
98 87 17.875
98 78 13.875
98 77 43.875
98 76 92.750
98 73 84.000
98 59 57.750
98 58 12.250
98 51 80.500
98 43 14.625
98 41 89.250
98 40 51.125
98 38 71.000
98 31 33.500
98 24 81.375
98 22 43.125
98 19 25.250
98 15 80.125
98 14 56.250
98 13 7.375
98 8 37.125
98 2 24.375
98 1 38.125
99 93 97.750
99 83 44.250
99 81 56.750
99 80 92.500
99 73 67.250
99 71 67.125
99 68 3.875
99 65 95.500
99 61 95.250
99 54 31.750
99 53 62.375
99 51 43.625
99 49 10.125
99 43 38.625
99 35 26.625
99 33 90.250
99 31 73.500
99 28 38.750
99 27 33.500
99 24 47.000
99 18 89.500
99 16 98.375
99 13 59.125
99 9 86.750
100 96 78.625
100 85 37.125
100 80 23.500
100 72 81.875
100 67 17.000
100 62 95.750
100 58 61.750
100 56 67.375
100 53 56.250
100 52 32.000
100 47 93.250
100 41 18.375
100 35 47.625
100 34 94.250
100 33 4.750
100 31 73.250
100 24 27.250
100 22 91.000
100 14 32.625
100 7 31.375
100 5 38.875
