dl
format=edgelist1
n=10
data:
1 10 99.750
1 9 88.875
1 8 99.875
1 7 5.125
1 3 20.375
1 2 7.750
2 9 35.875
2 4 59.375
2 3 0.375
2 1 87.000
3 6 99.125
3 5 75.625
3 2 68.625
4 10 16.375
4 6 74.375
4 5 83.000
4 1 74.750
5 10 65.000
5 9 63.250
5 7 32.875
5 3 62.875
5 2 64.875
5 1 88.875
6 9 43.375
6 8 33.625
6 5 59.250
6 2 54.500
6 1 97.125
7 9 4.000
7 8 18.250
7 4 48.250
7 2 83.250
8 10 25.625
8 9 68.375
8 7 20.125
8 6 32.750
8 4 60.875
8 1 67.375
9 7 77.500
9 5 59.250
9 4 36.125
9 3 9.250
9 2 87.625
9 1 8.750
10 9 12.000
10 4 18.750
10 3 82.625
