dl
format=edgelist1
n=10
data:
1 10 57.500
1 9 87.375
1 8 90.375
1 7 54.750
1 6 20.250
1 4 94.250
2 10 72.375
2 9 49.125
2 8 13.875
2 6 18.000
2 5 49.500
2 4 46.250
2 3 86.375
3 10 81.750
3 8 90.750
3 2 49.750
4 10 93.375
4 9 9.000
4 8 28.750
4 6 10.750
4 5 15.000
4 3 60.875
4 2 39.375
5 9 39.375
5 8 42.500
5 7 20.750
5 6 62.500
5 4 15.625
5 1 26.500
6 10 29.250
6 5 13.500
6 3 98.375
7 9 9.375
7 4 98.625
7 2 72.000
8 10 36.125
8 9 52.875
8 7 58.875
8 6 44.250
8 5 78.000
8 4 5.250
8 3 13.125
8 1 30.125
9 8 92.250
9 7 7.000
9 6 23.250
9 3 60.875
9 1 88.750
10 9 62.500
10 4 34.375
10 2 29.000
10 1 22.500
