dl
format=edgelist1
n=10
data:
1 10 38.500
1 9 43.375
1 8 40.000
1 7 71.875
1 5 10.875
1 3 22.000
2 10 80.875
2 8 55.125
2 4 38.125
2 3 1.375
2 1 15.375
3 9 71.875
3 7 51.750
3 6 61.750
3 2 64.500
4 7 70.000
4 1 15.250
5 10 50.250
5 8 88.500
5 7 65.250
5 6 66.625
5 2 65.500
6 10 92.625
6 9 93.125
6 2 90.375
7 10 63.750
7 9 87.375
7 8 93.500
7 5 59.375
7 3 93.875
7 2 49.375
8 7 41.125
8 6 87.250
8 4 16.625
8 2 26.250
8 1 77.500
9 8 81.375
9 6 48.875
9 5 51.500
9 4 51.750
9 3 3.250
9 2 14.750
10 7 44.625
10 5 57.250
10 4 1.625
10 3 24.625
10 1 45.125
