dl
format=edgelist1
n=10
data:
1 7 5.250
1 6 18.875
1 5 29.750
1 4 31.250
1 3 68.125
2 10 47.625
2 8 58.625
2 6 92.500
2 4 88.875
3 9 1.625
3 1 92.500
4 9 21.375
4 8 70.250
4 5 67.875
4 1 20.500
5 9 7.250
5 8 25.000
5 6 66.750
5 3 85.125
5 1 68.250
6 9 70.750
6 7 0.500
6 5 4.375
6 3 73.625
6 2 82.125
6 1 61.125
7 9 16.500
7 8 96.125
7 6 61.000
7 5 24.375
7 3 92.250
7 2 19.000
7 1 46.625
8 6 94.625
8 5 9.625
8 4 74.250
8 1 77.750
9 5 76.000
9 4 17.250
10 9 21.000
10 7 11.375
10 6 13.625
10 5 8.125
10 4 60.000
10 2 43.375
